3 1 228 107 23 63 -1 -1 -1 -1 
3 2 1 10 190 243 -1 -1 -1 -1 
3 3 76 1 48 125 -1 -1 -1 -1 
3 4 187 2 52 123 -1 -1 -1 -1 
3 5 140 27 52 88 -1 -1 -1 -1 
3 6 43 2 43 130 -1 -1 -1 -1 
3 7 187 3 152 252 -1 -1 -1 -1 
3 8 175 48 32 78 -1 -1 -1 -1 
3 9 210 51 42 11 -1 -1 -1 -1 
4 1 226 104 23 64 -1 -1 -1 -1 
4 2 0 8 187 246 -1 -1 -1 -1 
4 3 73 2 48 121 -1 -1 -1 -1 
4 4 185 2 49 121 -1 -1 -1 -1 
4 5 138 26 50 87 -1 -1 -1 -1 
4 6 44 1 41 131 -1 -1 -1 -1 
4 7 160 4 176 250 -1 -1 -1 -1 
4 8 173 47 37 78 -1 -1 -1 -1 
4 9 202 48 43 12 -1 -1 -1 -1 
5 1 223 102 18 62 -1 -1 -1 -1 
5 2 0 6 185 248 -1 -1 -1 -1 
5 3 71 1 46 119 -1 -1 -1 -1 
5 4 183 0 48 118 -1 -1 -1 -1 
5 5 135 24 51 83 -1 -1 -1 -1 
5 6 41 0 39 129 -1 -1 -1 -1 
5 7 169 3 168 252 -1 -1 -1 -1 
5 8 171 44 41 77 -1 -1 -1 -1 
5 9 202 48 43 12 -1 -1 -1 -1 
5 12 196 124 22 28 -1 -1 -1 -1 
6 1 223 102 18 62 -1 -1 -1 -1 
6 2 0 5 183 248 -1 -1 -1 -1 
6 3 67 1 48 116 -1 -1 -1 -1 
6 4 180 0 47 116 -1 -1 -1 -1 
6 5 132 19 51 86 -1 -1 -1 -1 
6 6 32 1 47 124 -1 -1 -1 -1 
6 7 162 2 177 253 -1 -1 -1 -1 
6 8 165 41 30 76 -1 -1 -1 -1 
6 12 193 121 23 28 -1 -1 -1 -1 
7 2 0 6 182 246 -1 -1 -1 -1 
7 3 65 1 51 113 -1 -1 -1 -1 
7 4 178 0 48 113 -1 -1 -1 -1 
7 5 130 17 52 84 -1 -1 -1 -1 
7 6 30 1 50 123 -1 -1 -1 -1 
7 7 161 2 178 252 -1 -1 -1 -1 
7 8 161 38 34 76 -1 -1 -1 -1 
7 9 195 39 49 14 -1 -1 -1 -1 
8 1 220 95 13 62 -1 -1 -1 -1 
8 2 0 5 183 246 -1 -1 -1 -1 
8 3 64 0 52 114 -1 -1 -1 -1 
8 4 178 0 49 112 -1 -1 -1 -1 
8 5 131 16 51 84 -1 -1 -1 -1 
8 6 32 1 48 123 -1 -1 -1 -1 
8 7 164 2 175 249 -1 -1 -1 -1 
8 8 164 38 31 75 -1 -1 -1 -1 
8 9 197 39 51 13 -1 -1 -1 -1 
9 1 223 94 16 63 -1 -1 -1 -1 
9 2 0 4 186 249 -1 -1 -1 -1 
9 3 67 0 50 114 -1 -1 -1 -1 
9 4 181 0 51 111 -1 -1 -1 -1 
9 5 133 16 51 84 -1 -1 -1 -1 
9 6 34 1 49 120 -1 -1 -1 -1 
9 7 170 3 167 251 -1 -1 -1 -1 
9 8 169 35 42 79 -1 -1 -1 -1 
9 9 198 37 56 14 -1 -1 -1 -1 
10 1 223 94 16 63 -1 -1 -1 -1 
10 2 0 4 186 249 -1 -1 -1 -1 
10 3 67 0 50 114 -1 -1 -1 -1 
10 4 181 0 51 111 -1 -1 -1 -1 
10 5 133 16 51 84 -1 -1 -1 -1 
10 6 34 1 49 120 -1 -1 -1 -1 
10 7 170 4 167 250 -1 -1 -1 -1 
10 8 169 35 42 79 -1 -1 -1 -1 
10 9 198 37 56 14 -1 -1 -1 -1 
11 1 224 93 17 64 -1 -1 -1 -1 
11 2 0 4 188 249 -1 -1 -1 -1 
11 3 69 0 48 113 -1 -1 -1 -1 
11 4 182 0 50 111 -1 -1 -1 -1 
11 5 135 14 51 86 -1 -1 -1 -1 
11 6 37 1 48 120 -1 -1 -1 -1 
11 7 166 4 173 247 -1 -1 -1 -1 
11 8 170 35 44 79 -1 -1 -1 -1 
11 9 200 35 56 16 -1 -1 -1 -1 
12 1 226 92 18 63 -1 -1 -1 -1 
12 2 0 4 190 247 -1 -1 -1 -1 
12 3 72 0 52 112 -1 -1 -1 -1 
12 4 184 0 51 110 -1 -1 -1 -1 
12 5 137 14 51 85 -1 -1 -1 -1 
12 6 40 1 46 118 -1 -1 -1 -1 
12 7 167 4 172 246 -1 -1 -1 -1 
12 8 173 34 41 80 -1 -1 -1 -1 
12 9 203 36 56 15 -1 -1 -1 -1 
12 12 199 103 23 40 -1 -1 -1 -1 
13 1 228 90 18 63 -1 -1 -1 -1 
13 2 0 5 193 247 -1 -1 -1 -1 
13 3 75 0 49 111 -1 -1 -1 -1 
13 4 186 0 52 108 -1 -1 -1 -1 
13 5 139 12 52 85 -1 -1 -1 -1 
13 6 48 0 40 115 -1 -1 -1 -1 
13 7 177 2 162 249 -1 -1 -1 -1 
13 8 173 33 38 79 -1 -1 -1 -1 
13 9 204 35 57 14 -1 -1 -1 -1 
13 12 199 103 23 40 -1 -1 -1 -1 
14 1 228 89 18 63 -1 -1 -1 -1 
14 2 1 4 192 248 -1 -1 -1 -1 
14 3 75 0 49 109 -1 -1 -1 -1 
14 4 187 0 51 108 -1 -1 -1 -1 
14 5 140 11 52 86 -1 -1 -1 -1 
14 6 49 0 39 114 -1 -1 -1 -1 
14 7 177 3 162 248 -1 -1 -1 -1 
14 8 177 32 29 80 -1 -1 -1 -1 
14 9 205 33 56 15 -1 -1 -1 -1 
15 1 229 89 18 63 -1 -1 -1 -1 
15 2 0 5 193 247 -1 -1 -1 -1 
15 3 76 0 48 109 -1 -1 -1 -1 
15 4 187 0 52 107 -1 -1 -1 -1 
15 5 140 12 52 85 -1 -1 -1 -1 
15 6 50 0 36 114 -1 -1 -1 -1 
15 7 177 2 162 248 -1 -1 -1 -1 
15 8 177 32 31 80 -1 -1 -1 -1 
15 9 205 33 56 15 -1 -1 -1 -1 
15 12 202 100 22 39 -1 -1 -1 -1 
16 1 229 89 18 63 -1 -1 -1 -1 
16 2 0 5 193 247 -1 -1 -1 -1 
16 3 76 0 48 109 -1 -1 -1 -1 
16 4 187 0 52 107 -1 -1 -1 -1 
16 5 140 12 52 85 -1 -1 -1 -1 
16 6 50 0 36 114 -1 -1 -1 -1 
16 7 177 2 162 248 -1 -1 -1 -1 
16 8 177 32 31 80 -1 -1 -1 -1 
16 9 205 33 56 15 -1 -1 -1 -1 
16 12 202 100 22 39 -1 -1 -1 -1 
16 18 118 15 34 83 -1 -1 -1 -1 
17 1 230 88 19 64 -1 -1 -1 -1 
17 2 1 4 192 247 -1 -1 -1 -1 
17 3 76 1 49 107 -1 -1 -1 -1 
17 4 189 0 51 107 -1 -1 -1 -1 
17 5 142 11 51 85 -1 -1 -1 -1 
17 6 57 1 32 112 -1 -1 -1 -1 
17 7 178 3 161 246 -1 -1 -1 -1 
17 8 178 32 41 79 -1 -1 -1 -1 
17 9 207 33 54 14 -1 -1 -1 -1 
17 12 204 99 21 40 -1 -1 -1 -1 
18 1 231 87 19 64 -1 -1 -1 -1 
18 2 1 4 192 247 -1 -1 -1 -1 
18 3 77 1 51 106 -1 -1 -1 -1 
18 4 190 0 51 104 -1 -1 -1 -1 
18 5 142 10 52 84 -1 -1 -1 -1 
18 6 59 1 31 112 -1 -1 -1 -1 
18 7 177 3 162 244 -1 -1 -1 -1 
18 8 179 31 37 78 -1 -1 -1 -1 
18 9 209 32 53 14 -1 -1 -1 -1 
18 12 204 99 22 39 -1 -1 -1 -1 
19 1 229 87 17 63 -1 -1 -1 -1 
19 2 1 4 190 248 -1 -1 -1 -1 
19 3 76 0 48 110 -1 -1 -1 -1 
19 4 187 0 52 105 -1 -1 -1 -1 
19 5 139 11 53 84 -1 -1 -1 -1 
19 6 57 1 28 112 -1 -1 -1 -1 
19 7 176 3 163 247 -1 -1 -1 -1 
19 8 177 31 35 81 -1 -1 -1 -1 
19 9 207 32 53 15 -1 -1 -1 -1 
19 12 202 98 23 40 -1 -1 -1 -1 
19 18 118 14 33 83 -1 -1 -1 -1 
20 1 226 90 16 62 -1 -1 -1 -1 
20 2 1 4 186 249 -1 -1 -1 -1 
20 3 73 0 49 111 -1 -1 -1 -1 
20 4 184 0 52 106 -1 -1 -1 -1 
20 5 135 14 53 83 -1 -1 -1 -1 
20 6 48 0 33 119 -1 -1 -1 -1 
20 7 157 1 182 250 -1 -1 -1 -1 
20 8 173 34 38 78 -1 -1 -1 -1 
20 9 203 38 50 11 -1 -1 -1 -1 
20 12 202 98 23 40 -1 -1 -1 -1 
20 18 118 19 29 77 -1 -1 -1 -1 
21 1 226 90 16 62 -1 -1 -1 -1 
21 2 1 4 181 247 -1 -1 -1 -1 
21 3 68 0 49 112 -1 -1 -1 -1 
21 4 180 0 50 106 -1 -1 -1 -1 
21 5 131 14 52 80 -1 -1 -1 -1 
21 6 41 1 36 116 -1 -1 -1 -1 
21 7 126 3 212 243 -1 -1 -1 -1 
22 2 1 2 180 249 -1 -1 -1 -1 
22 3 63 1 50 109 -1 -1 -1 -1 
22 4 176 0 51 104 -1 -1 -1 -1 
22 5 128 10 52 81 -1 -1 -1 -1 
22 6 38 1 35 116 -1 -1 -1 -1 
22 7 117 3 220 243 -1 -1 -1 -1 
22 8 163 31 31 78 -1 -1 -1 -1 
23 2 1 2 180 249 -1 -1 -1 -1 
23 3 63 1 50 109 -1 -1 -1 -1 
23 4 176 0 51 104 -1 -1 -1 -1 
23 5 128 10 52 81 -1 -1 -1 -1 
23 6 38 1 35 116 -1 -1 -1 -1 
23 7 118 3 219 243 -1 -1 -1 -1 
23 8 163 31 31 78 -1 -1 -1 -1 
24 2 0 2 179 249 -1 -1 -1 -1 
24 3 59 2 56 105 -1 -1 -1 -1 
24 4 176 0 50 99 -1 -1 -1 -1 
24 5 128 9 50 80 -1 -1 -1 -1 
24 6 46 1 27 114 -1 -1 -1 -1 
24 7 115 2 222 248 -1 -1 -1 -1 
24 8 159 30 39 84 -1 -1 -1 -1 
25 2 0 2 182 248 -1 -1 -1 -1 
25 3 63 2 53 104 -1 -1 -1 -1 
25 4 177 0 50 97 -1 -1 -1 -1 
25 5 130 7 49 79 -1 -1 -1 -1 
25 6 48 2 26 113 -1 -1 -1 -1 
25 7 115 0 223 249 -1 -1 -1 -1 
25 8 159 30 39 84 -1 -1 -1 -1 
26 2 0 5 186 245 -1 -1 -1 -1 
26 3 66 2 51 103 -1 -1 -1 -1 
26 4 180 0 49 94 -1 -1 -1 -1 
26 5 132 5 51 79 -1 -1 -1 -1 
26 6 51 1 26 111 -1 -1 -1 -1 
26 7 115 0 223 249 -1 -1 -1 -1 
26 8 165 28 39 78 -1 -1 -1 -1 
27 2 0 6 187 245 -1 -1 -1 -1 
27 3 68 3 54 100 -1 -1 -1 -1 
27 4 182 0 46 91 -1 -1 -1 -1 
27 5 135 4 50 79 -1 -1 -1 -1 
27 6 54 1 26 110 -1 -1 -1 -1 
27 7 120 0 218 255 -1 -1 -1 -1 
27 8 164 25 43 84 -1 -1 -1 -1 
27 18 112 11 30 77 -1 -1 -1 -1 
28 1 224 103 22 36 -1 -1 -1 -1 
28 2 0 5 187 245 -1 -1 -1 -1 
28 3 69 0 51 101 -1 -1 -1 -1 
28 4 183 0 43 90 -1 -1 -1 -1 
28 5 135 4 50 76 -1 -1 -1 -1 
28 6 55 1 26 109 -1 -1 -1 -1 
28 7 162 0 173 255 -1 -1 -1 -1 
28 8 172 24 36 82 -1 -1 -1 -1 
28 12 196 86 25 40 -1 -1 -1 -1 
28 18 111 10 32 77 -1 -1 -1 -1 
29 1 223 76 23 63 -1 -1 -1 -1 
29 2 0 4 185 247 -1 -1 -1 -1 
29 3 67 2 51 101 -1 -1 -1 -1 
29 4 182 0 41 91 -1 -1 -1 -1 
29 5 134 4 50 76 -1 -1 -1 -1 
29 6 54 1 25 109 -1 -1 -1 -1 
29 7 159 2 179 248 -1 -1 -1 -1 
29 8 170 25 36 84 -1 -1 -1 -1 
29 12 195 87 25 39 -1 -1 -1 -1 
29 18 111 11 31 76 -1 -1 -1 -1 
30 1 223 76 23 63 -1 -1 -1 -1 
30 2 0 4 185 247 -1 -1 -1 -1 
30 3 67 2 51 101 -1 -1 -1 -1 
30 4 182 0 41 91 -1 -1 -1 -1 
30 5 134 4 50 76 -1 -1 -1 -1 
30 6 54 1 24 109 -1 -1 -1 -1 
30 7 159 2 179 248 -1 -1 -1 -1 
30 8 170 25 36 84 -1 -1 -1 -1 
30 12 195 87 25 39 -1 -1 -1 -1 
30 18 111 11 31 75 -1 -1 -1 -1 
30 20 38 93 96 95 -1 -1 -1 -1 
31 1 223 73 23 64 -1 -1 -1 -1 
31 2 0 5 186 247 -1 -1 -1 -1 
31 3 68 0 49 100 -1 -1 -1 -1 
31 4 182 0 42 91 -1 -1 -1 -1 
31 5 135 3 49 74 -1 -1 -1 -1 
31 6 56 1 21 108 -1 -1 -1 -1 
31 7 164 0 174 251 -1 -1 -1 -1 
31 8 170 24 37 80 -1 -1 -1 -1 
31 12 196 85 24 39 -1 -1 -1 -1 
31 18 112 10 30 71 -1 -1 -1 -1 
32 1 224 71 23 64 -1 -1 -1 -1 
32 2 0 6 187 245 -1 -1 -1 -1 
32 3 67 0 50 98 -1 -1 -1 -1 
32 4 182 1 51 91 -1 -1 -1 -1 
32 5 135 1 50 73 -1 -1 -1 -1 
32 6 57 1 20 103 -1 -1 -1 -1 
32 7 161 4 178 245 -1 -1 -1 -1 
32 8 170 24 37 80 -1 -1 -1 -1 
32 12 196 82 25 40 -1 -1 -1 -1 
33 1 223 71 23 64 -1 -1 -1 -1 
33 2 0 6 187 245 -1 -1 -1 -1 
33 3 67 0 52 98 -1 -1 -1 -1 
33 4 182 0 50 92 -1 -1 -1 -1 
33 5 134 1 51 72 -1 -1 -1 -1 
33 6 56 2 21 102 -1 -1 -1 -1 
33 7 158 3 181 242 -1 -1 -1 -1 
33 9 200 22 56 15 -1 -1 -1 -1 
33 12 196 82 24 40 -1 -1 -1 -1 
33 18 108 7 34 69 -1 -1 -1 -1 
34 1 223 70 23 64 -1 -1 -1 -1 
34 2 0 6 186 246 -1 -1 -1 -1 
34 3 66 1 54 95 -1 -1 -1 -1 
34 4 182 0 50 91 -1 -1 -1 -1 
34 5 134 1 51 72 -1 -1 -1 -1 
34 6 56 2 21 102 -1 -1 -1 -1 
34 7 160 3 179 243 -1 -1 -1 -1 
34 8 222 31 61 85 -1 -1 -1 -1 
34 9 199 22 61 15 -1 -1 -1 -1 
34 12 196 81 24 40 -1 -1 -1 -1 
34 18 108 7 34 68 -1 -1 -1 -1 
35 1 223 67 23 64 -1 -1 -1 -1 
35 2 0 5 185 247 -1 -1 -1 -1 
35 3 68 1 50 93 -1 -1 -1 -1 
35 4 182 0 51 91 -1 -1 -1 -1 
35 5 134 1 50 68 -1 -1 -1 -1 
35 6 56 2 20 98 -1 -1 -1 -1 
35 7 161 0 178 253 -1 -1 -1 -1 
35 8 222 33 62 77 -1 -1 -1 -1 
35 9 197 17 65 19 -1 -1 -1 -1 
35 12 196 78 24 40 -1 -1 -1 -1 
35 18 111 5 31 68 -1 -1 -1 -1 
36 1 223 64 23 64 -1 -1 -1 -1 
36 2 0 5 186 246 -1 -1 -1 -1 
36 3 69 0 46 90 -1 -1 -1 -1 
36 4 182 0 51 85 -1 -1 -1 -1 
36 5 134 1 51 62 -1 -1 -1 -1 
36 6 56 8 20 89 -1 -1 -1 -1 
36 7 161 0 176 254 -1 -1 -1 -1 
36 8 222 2 61 109 -1 -1 -1 -1 
36 9 198 17 65 16 -1 -1 -1 -1 
36 12 196 75 24 40 -1 -1 -1 -1 
36 18 111 1 32 67 -1 -1 -1 -1 
37 1 223 63 23 65 -1 -1 -1 -1 
37 2 0 5 186 246 -1 -1 -1 -1 
37 3 69 0 46 90 -1 -1 -1 -1 
37 4 182 0 51 85 -1 -1 -1 -1 
37 5 134 1 51 62 -1 -1 -1 -1 
37 6 56 9 20 88 -1 -1 -1 -1 
37 7 161 0 176 254 -1 -1 -1 -1 
37 8 222 2 61 110 -1 -1 -1 -1 
37 9 198 17 65 16 -1 -1 -1 -1 
37 12 196 75 24 40 -1 -1 -1 -1 
37 18 111 1 32 67 -1 -1 -1 -1 
38 1 224 62 24 64 -1 -1 -1 -1 
38 2 0 7 185 242 -1 -1 -1 -1 
38 3 72 1 43 86 -1 -1 -1 -1 
38 4 183 0 52 82 -1 -1 -1 -1 
38 5 134 0 51 61 -1 -1 -1 -1 
38 6 56 9 20 88 -1 -1 -1 -1 
38 7 162 0 174 254 -1 -1 -1 -1 
38 8 222 0 59 113 -1 -1 -1 -1 
38 9 201 13 61 17 -1 -1 -1 -1 
38 12 197 73 24 39 -1 -1 -1 -1 
38 18 112 0 31 64 -1 -1 -1 -1 
38 23 167 14 35 74 -1 -1 -1 -1 
39 1 225 62 24 65 -1 -1 -1 -1 
39 2 0 4 187 248 -1 -1 -1 -1 
39 3 71 1 45 88 -1 -1 -1 -1 
39 4 183 0 51 85 -1 -1 -1 -1 
39 5 135 0 51 61 -1 -1 -1 -1 
39 7 161 0 175 253 -1 -1 -1 -1 
39 8 225 0 57 113 -1 -1 -1 -1 
39 9 202 14 60 16 -1 -1 -1 -1 
39 12 197 74 24 37 -1 -1 -1 -1 
39 18 112 0 31 65 -1 -1 -1 -1 
39 23 164 15 36 73 -1 -1 -1 -1 
40 1 226 64 24 64 -1 -1 -1 -1 
40 2 0 4 185 248 -1 -1 -1 -1 
40 3 72 1 46 89 -1 -1 -1 -1 
40 4 183 0 53 85 -1 -1 -1 -1 
40 5 136 1 50 62 -1 -1 -1 -1 
40 7 165 2 173 250 -1 -1 -1 -1 
40 8 226 0 59 115 -1 -1 -1 -1 
40 9 203 15 58 15 -1 -1 -1 -1 
40 12 197 75 26 40 -1 -1 -1 -1 
40 18 112 1 33 66 -1 -1 -1 -1 
40 23 165 16 35 73 -1 -1 -1 -1 
41 1 228 62 25 65 -1 -1 -1 -1 
41 2 0 6 189 246 -1 -1 -1 -1 
41 3 74 0 47 89 -1 -1 -1 -1 
41 4 185 0 54 86 -1 -1 -1 -1 
41 5 137 1 52 61 -1 -1 -1 -1 
41 7 164 1 172 250 -1 -1 -1 -1 
41 8 225 0 63 114 -1 -1 -1 -1 
41 9 205 14 60 15 -1 -1 -1 -1 
41 12 200 73 26 40 -1 -1 -1 -1 
41 18 112 1 33 66 -1 -1 -1 -1 
41 23 170 15 46 75 -1 -1 -1 -1 
42 1 230 62 23 66 -1 -1 -1 -1 
42 2 0 5 190 247 -1 -1 -1 -1 
42 3 75 0 49 90 -1 -1 -1 -1 
42 4 187 0 52 88 -1 -1 -1 -1 
42 5 139 0 52 62 -1 -1 -1 -1 
42 6 63 2 18 95 -1 -1 -1 -1 
42 7 164 0 172 252 -1 -1 -1 -1 
42 8 230 0 62 115 -1 -1 -1 -1 
42 9 206 14 61 16 -1 -1 -1 -1 
42 12 201 74 26 39 -1 -1 -1 -1 
42 18 116 1 32 64 -1 -1 -1 -1 
42 23 170 15 46 75 -1 -1 -1 -1 
43 1 230 63 24 66 -1 -1 -1 -1 
43 2 1 5 188 248 -1 -1 -1 -1 
43 3 74 1 49 90 -1 -1 -1 -1 
43 4 187 0 52 89 -1 -1 -1 -1 
43 5 139 1 51 63 -1 -1 -1 -1 
43 6 63 6 19 93 -1 -1 -1 -1 
43 7 166 1 169 250 -1 -1 -1 -1 
43 8 229 1 65 114 -1 -1 -1 -1 
43 9 206 16 60 15 -1 -1 -1 -1 
43 12 201 75 26 40 -1 -1 -1 -1 
43 18 115 3 33 63 -1 -1 -1 -1 
43 27 246 16 54 82 -1 -1 -1 -1 
44 1 230 63 24 66 -1 -1 -1 -1 
44 2 1 5 188 247 -1 -1 -1 -1 
44 3 74 1 49 90 -1 -1 -1 -1 
44 4 187 0 52 89 -1 -1 -1 -1 
44 5 139 1 52 62 -1 -1 -1 -1 
44 6 63 7 19 92 -1 -1 -1 -1 
44 7 165 1 170 250 -1 -1 -1 -1 
44 8 229 1 64 114 -1 -1 -1 -1 
44 9 206 16 60 15 -1 -1 -1 -1 
44 12 201 75 26 40 -1 -1 -1 -1 
44 18 115 3 33 63 -1 -1 -1 -1 
44 27 246 16 55 82 -1 -1 -1 -1 
45 1 231 63 23 65 -1 -1 -1 -1 
45 2 0 4 190 251 -1 -1 -1 -1 
45 3 75 1 48 89 -1 -1 -1 -1 
45 4 188 0 52 87 -1 -1 -1 -1 
45 5 140 0 52 62 -1 -1 -1 -1 
45 6 64 4 18 94 -1 -1 -1 -1 
45 7 165 1 170 250 -1 -1 -1 -1 
45 8 227 1 69 114 -1 -1 -1 -1 
45 9 207 15 61 15 -1 -1 -1 -1 
45 12 201 74 27 40 -1 -1 -1 -1 
45 18 115 1 34 66 -1 -1 -1 -1 
45 23 175 16 40 72 -1 -1 -1 -1 
46 1 231 64 24 67 -1 -1 -1 -1 
46 2 1 4 190 251 -1 -1 -1 -1 
46 3 74 1 49 92 -1 -1 -1 -1 
46 4 187 0 53 89 -1 -1 -1 -1 
46 5 140 1 52 63 -1 -1 -1 -1 
46 6 64 4 18 94 -1 -1 -1 -1 
46 8 230 1 65 112 -1 -1 -1 -1 
46 9 204 16 62 16 -1 -1 -1 -1 
46 12 203 75 26 41 -1 -1 -1 -1 
46 18 116 3 32 64 -1 -1 -1 -1 
47 1 233 78 26 57 -1 -1 -1 -1 
47 2 3 5 189 247 -1 -1 -1 -1 
47 3 76 1 49 95 -1 -1 -1 -1 
47 4 190 0 48 94 -1 -1 -1 -1 
47 5 140 1 52 63 -1 -1 -1 -1 
47 7 176 2 163 248 -1 -1 -1 -1 
47 8 232 0 65 121 -1 -1 -1 -1 
47 9 203 19 69 18 -1 -1 -1 -1 
48 1 233 78 26 57 -1 -1 -1 -1 
48 2 1 2 198 250 -1 -1 -1 -1 
48 3 84 0 49 105 -1 -1 -1 -1 
48 4 196 0 51 100 -1 -1 -1 -1 
48 7 184 0 154 249 -1 -1 -1 -1 
48 8 234 1 69 130 -1 -1 -1 -1 
48 9 210 26 68 17 -1 -1 -1 -1 
49 2 2 0 203 253 -1 -1 -1 -1 
49 3 90 0 42 119 -1 -1 -1 -1 
49 4 196 0 51 100 -1 -1 -1 -1 
49 7 177 9 162 236 -1 -1 -1 -1 
50 2 2 0 203 253 -1 -1 -1 -1 
50 3 90 0 42 119 -1 -1 -1 -1 
50 7 177 9 162 237 -1 -1 -1 -1 
51 1 251 93 26 66 -1 -1 -1 -1 
51 2 0 0 214 252 -1 -1 -1 -1 
51 3 95 0 45 111 -1 -1 -1 -1 
51 4 202 3 68 119 -1 -1 -1 -1 
52 1 255 89 26 67 -1 -1 -1 -1 
52 2 1 2 213 251 -1 -1 -1 -1 
52 3 100 1 41 101 -1 -1 -1 -1 
52 4 209 1 56 108 -1 -1 -1 -1 
52 7 197 0 142 255 -1 -1 -1 -1 
52 12 230 99 22 41 -1 -1 -1 -1 
53 1 257 95 18 64 -1 -1 -1 -1 
53 2 1 0 214 253 -1 -1 -1 -1 
53 3 104 0 43 114 -1 -1 -1 -1 
53 4 211 0 52 118 -1 -1 -1 -1 
53 7 245 2 94 241 -1 -1 -1 -1 
53 12 234 106 20 38 -1 -1 -1 -1 
54 1 257 95 18 64 -1 -1 -1 -1 
54 2 1 1 209 253 -1 -1 -1 -1 
54 3 103 1 42 114 -1 -1 -1 -1 
54 4 210 2 53 115 -1 -1 -1 -1 
55 2 1 2 210 252 -1 -1 -1 -1 
55 3 99 1 43 110 -1 -1 -1 -1 
55 4 207 0 48 110 -1 -1 -1 -1 
55 7 148 3 191 248 -1 -1 -1 -1 
55 23 188 23 25 68 -1 -1 -1 -1 
56 2 2 3 206 252 -1 -1 -1 -1 
56 3 97 0 43 107 -1 -1 -1 -1 
56 4 206 0 46 108 -1 -1 -1 -1 
56 7 149 0 189 250 -1 -1 -1 -1 
56 9 221 38 39 14 -1 -1 -1 -1 
57 2 2 3 206 252 -1 -1 -1 -1 
57 3 97 0 43 107 -1 -1 -1 -1 
57 4 206 0 46 108 -1 -1 -1 -1 
57 7 148 0 190 250 -1 -1 -1 -1 
57 9 221 38 38 14 -1 -1 -1 -1 
58 2 3 1 193 254 -1 -1 -1 -1 
58 3 95 0 42 102 -1 -1 -1 -1 
58 4 203 0 50 104 -1 -1 -1 -1 
58 7 150 1 188 242 -1 -1 -1 -1 
58 9 221 38 38 14 -1 -1 -1 -1 
59 2 3 2 196 253 -1 -1 -1 -1 
59 3 94 0 45 101 -1 -1 -1 -1 
59 4 203 0 56 103 -1 -1 -1 -1 
59 7 156 1 181 239 -1 -1 -1 -1 
59 12 219 89 26 41 -1 -1 -1 -1 
60 2 2 5 203 249 -1 -1 -1 -1 
60 3 93 0 42 99 -1 -1 -1 -1 
60 4 203 0 54 100 -1 -1 -1 -1 
60 7 150 0 189 237 -1 -1 -1 -1 
60 12 218 86 26 40 -1 -1 -1 -1 
61 1 249 82 15 55 -1 -1 -1 -1 
61 2 2 3 201 249 -1 -1 -1 -1 
61 3 94 0 43 96 -1 -1 -1 -1 
61 4 204 0 52 96 -1 -1 -1 -1 
61 7 188 3 151 226 -1 -1 -1 -1 
61 12 219 81 27 42 -1 -1 -1 -1 
61 23 183 5 27 70 -1 -1 -1 -1 
62 1 252 65 26 69 -1 -1 -1 -1 
62 2 2 3 204 248 -1 -1 -1 -1 
62 3 97 1 43 91 -1 -1 -1 -1 
62 4 207 0 54 94 -1 -1 -1 -1 
62 7 188 3 151 226 -1 -1 -1 -1 
62 8 260 1 66 124 -1 -1 -1 -1 
63 1 252 65 26 69 -1 -1 -1 -1 
63 2 3 2 203 249 -1 -1 -1 -1 
63 3 97 1 43 91 -1 -1 -1 -1 
63 4 207 0 54 93 -1 -1 -1 -1 
63 8 260 1 65 124 -1 -1 -1 -1 
63 12 223 77 26 41 -1 -1 -1 -1 
64 1 252 65 26 69 -1 -1 -1 -1 
64 2 3 2 203 249 -1 -1 -1 -1 
64 3 97 1 43 91 -1 -1 -1 -1 
64 4 207 0 54 93 -1 -1 -1 -1 
64 8 260 1 63 124 -1 -1 -1 -1 
64 12 223 77 26 41 -1 -1 -1 -1 
65 1 252 63 26 69 -1 -1 -1 -1 
65 2 2 2 204 248 -1 -1 -1 -1 
65 3 100 0 40 90 -1 -1 -1 -1 
65 4 207 0 53 89 -1 -1 -1 -1 
65 8 243 0 76 122 -1 -1 -1 -1 
65 12 223 75 26 41 -1 -1 -1 -1 
65 18 83 1 18 97 -1 -1 -1 -1 
66 1 252 60 27 69 -1 -1 -1 -1 
66 2 2 3 204 246 -1 -1 -1 -1 
66 3 100 1 41 87 -1 -1 -1 -1 
66 4 207 0 54 87 -1 -1 -1 -1 
66 8 247 1 72 116 -1 -1 -1 -1 
66 9 226 17 65 13 -1 -1 -1 -1 
66 12 223 71 26 43 -1 -1 -1 -1 
66 18 83 1 19 95 -1 -1 -1 -1 
66 23 196 17 37 69 -1 -1 -1 -1 
67 1 253 58 25 70 -1 -1 -1 -1 
67 2 1 4 208 245 -1 -1 -1 -1 
67 3 101 0 42 86 -1 -1 -1 -1 
67 4 207 0 54 84 -1 -1 -1 -1 
67 8 244 0 76 114 -1 -1 -1 -1 
67 9 225 13 67 15 -1 -1 -1 -1 
67 12 224 70 25 42 -1 -1 -1 -1 
67 18 83 1 19 92 -1 -1 -1 -1 
67 23 196 13 33 71 -1 -1 -1 -1 
67 27 269 1 70 110 -1 -1 -1 -1 
67 30 207 76 18 31 -1 -1 -1 -1 
68 1 253 56 26 70 -1 -1 -1 -1 
68 2 2 4 207 246 -1 -1 -1 -1 
68 3 102 1 42 82 -1 -1 -1 -1 
68 4 207 0 54 82 -1 -1 -1 -1 
68 8 245 0 76 113 -1 -1 -1 -1 
68 9 227 11 65 16 -1 -1 -1 -1 
68 12 224 68 26 43 -1 -1 -1 -1 
68 18 83 1 19 90 -1 -1 -1 -1 
68 23 196 13 35 69 -1 -1 -1 -1 
68 27 272 3 67 97 -1 -1 -1 -1 
69 1 254 54 26 69 -1 -1 -1 -1 
69 2 2 3 206 246 -1 -1 -1 -1 
69 3 102 1 43 80 -1 -1 -1 -1 
69 4 208 1 55 79 -1 -1 -1 -1 
69 8 249 0 72 111 -1 -1 -1 -1 
69 9 226 8 66 15 -1 -1 -1 -1 
69 12 225 64 26 43 -1 -1 -1 -1 
69 18 84 2 18 87 -1 -1 -1 -1 
69 20 61 62 29 35 -1 -1 -1 -1 
69 23 195 9 39 71 -1 -1 -1 -1 
69 27 274 2 65 92 -1 -1 -1 -1 
69 30 207 71 20 36 -1 -1 -1 -1 
70 1 253 50 26 70 -1 -1 -1 -1 
70 2 1 3 209 245 -1 -1 -1 -1 
70 3 102 0 42 78 -1 -1 -1 -1 
70 4 208 1 53 77 -1 -1 -1 -1 
70 8 250 0 69 109 -1 -1 -1 -1 
70 9 225 5 67 16 -1 -1 -1 -1 
70 12 225 62 25 43 -1 -1 -1 -1 
70 18 83 2 18 85 -1 -1 -1 -1 
70 20 60 59 28 36 -1 -1 -1 -1 
70 23 195 5 32 68 -1 -1 -1 -1 
70 27 273 2 63 90 -1 -1 -1 -1 
70 30 207 68 20 36 -1 -1 -1 -1 
71 1 253 50 26 70 -1 -1 -1 -1 
71 2 1 3 210 245 -1 -1 -1 -1 
71 3 102 0 42 78 -1 -1 -1 -1 
71 4 208 1 53 77 -1 -1 -1 -1 
71 8 250 0 69 109 -1 -1 -1 -1 
71 9 225 5 67 16 -1 -1 -1 -1 
71 12 225 62 25 43 -1 -1 -1 -1 
71 18 83 2 18 85 -1 -1 -1 -1 
71 20 60 59 28 36 -1 -1 -1 -1 
71 23 195 5 32 68 -1 -1 -1 -1 
71 27 273 2 63 90 -1 -1 -1 -1 
71 30 207 68 20 36 -1 -1 -1 -1 
72 1 252 48 26 70 -1 -1 -1 -1 
72 2 1 4 208 242 -1 -1 -1 -1 
72 3 101 0 41 77 -1 -1 -1 -1 
72 4 207 0 52 77 -1 -1 -1 -1 
72 8 245 0 71 107 -1 -1 -1 -1 
72 9 222 4 70 16 -1 -1 -1 -1 
72 12 224 60 25 43 -1 -1 -1 -1 
72 18 81 3 19 82 -1 -1 -1 -1 
72 20 59 58 28 36 -1 -1 -1 -1 
72 23 195 3 35 70 -1 -1 -1 -1 
72 27 271 1 65 90 -1 -1 -1 -1 
72 30 205 67 20 35 -1 -1 -1 -1 
73 1 252 46 26 70 -1 -1 -1 -1 
73 2 1 5 205 238 -1 -1 -1 -1 
73 3 100 1 41 74 -1 -1 -1 -1 
73 4 198 1 59 73 -1 -1 -1 -1 
73 8 246 0 69 106 -1 -1 -1 -1 
73 9 220 2 71 18 -1 -1 -1 -1 
73 12 223 58 26 43 -1 -1 -1 -1 
73 18 80 2 19 81 -1 -1 -1 -1 
73 20 58 55 28 36 -1 -1 -1 -1 
73 23 195 3 35 70 -1 -1 -1 -1 
73 27 269 1 66 87 -1 -1 -1 -1 
74 1 252 44 26 70 -1 -1 -1 -1 
74 2 1 6 204 235 -1 -1 -1 -1 
74 3 99 0 42 72 -1 -1 -1 -1 
74 4 198 1 59 73 -1 -1 -1 -1 
74 7 182 66 157 139 -1 -1 -1 -1 
74 8 247 0 67 104 -1 -1 -1 -1 
74 9 220 2 71 18 -1 -1 -1 -1 
74 12 223 56 25 43 -1 -1 -1 -1 
74 18 80 2 19 81 -1 -1 -1 -1 
75 1 251 42 26 70 -1 -1 -1 -1 
75 2 0 6 205 233 -1 -1 -1 -1 
75 3 98 1 46 70 -1 -1 -1 -1 
75 7 181 63 158 141 -1 -1 -1 -1 
75 8 245 0 69 102 -1 -1 -1 -1 
75 12 222 54 26 43 -1 -1 -1 -1 
75 20 56 51 29 37 -1 -1 -1 -1 
75 27 266 1 69 82 -1 -1 -1 -1 
75 30 203 61 21 35 -1 -1 -1 -1 
76 1 250 41 26 70 -1 -1 -1 -1 
76 2 1 6 203 232 -1 -1 -1 -1 
76 3 97 0 42 70 -1 -1 -1 -1 
76 7 179 62 160 142 -1 -1 -1 -1 
76 8 245 1 67 99 -1 -1 -1 -1 
76 12 219 53 27 44 -1 -1 -1 -1 
76 20 56 51 29 37 -1 -1 -1 -1 
76 27 265 1 68 81 -1 -1 -1 -1 
77 1 250 41 26 70 -1 -1 -1 -1 
77 2 1 6 203 232 -1 -1 -1 -1 
77 3 97 0 42 70 -1 -1 -1 -1 
77 7 179 62 160 141 -1 -1 -1 -1 
77 8 245 1 67 99 -1 -1 -1 -1 
77 12 219 53 27 44 -1 -1 -1 -1 
77 27 265 1 68 81 -1 -1 -1 -1 
77 30 201 60 22 34 -1 -1 -1 -1 
78 1 246 40 26 71 -1 -1 -1 -1 
78 2 1 7 199 232 -1 -1 -1 -1 
78 3 95 1 41 69 -1 -1 -1 -1 
78 4 190 1 63 70 -1 -1 -1 -1 
78 7 179 62 160 141 -1 -1 -1 -1 
78 8 243 1 63 98 -1 -1 -1 -1 
78 12 215 53 27 43 -1 -1 -1 -1 
78 27 265 1 63 83 -1 -1 -1 -1 
79 1 244 41 26 70 -1 -1 -1 -1 
79 2 1 5 198 236 -1 -1 -1 -1 
79 3 91 1 38 70 -1 -1 -1 -1 
79 4 196 1 52 69 -1 -1 -1 -1 
79 8 238 1 65 99 -1 -1 -1 -1 
79 12 214 53 27 44 -1 -1 -1 -1 
79 27 262 1 64 81 -1 -1 -1 -1 
79 30 196 60 20 34 -1 -1 -1 -1 
80 1 244 40 27 71 -1 -1 -1 -1 
80 2 1 6 198 235 -1 -1 -1 -1 
80 3 92 1 37 70 -1 -1 -1 -1 
80 4 196 1 53 69 -1 -1 -1 -1 
80 8 235 1 68 98 -1 -1 -1 -1 
80 12 214 53 28 44 -1 -1 -1 -1 
80 20 47 52 31 39 -1 -1 -1 -1 
80 27 261 1 65 90 -1 -1 -1 -1 
80 30 198 60 20 33 -1 -1 -1 -1 
81 1 247 41 26 71 -1 -1 -1 -1 
81 2 1 5 201 238 -1 -1 -1 -1 
81 3 95 0 39 72 -1 -1 -1 -1 
81 4 197 1 54 69 -1 -1 -1 -1 
81 8 241 1 67 97 -1 -1 -1 -1 
81 12 216 54 28 44 -1 -1 -1 -1 
81 18 71 1 23 81 -1 -1 -1 -1 
81 20 49 54 31 39 -1 -1 -1 -1 
81 27 264 1 64 91 -1 -1 -1 -1 
81 30 200 61 20 32 -1 -1 -1 -1 
82 1 249 41 26 71 -1 -1 -1 -1 
82 2 1 6 206 236 -1 -1 -1 -1 
82 3 98 0 40 72 -1 -1 -1 -1 
82 4 196 1 56 70 -1 -1 -1 -1 
82 8 242 1 68 98 -1 -1 -1 -1 
82 12 218 55 28 43 -1 -1 -1 -1 
82 18 71 1 23 81 -1 -1 -1 -1 
83 1 249 41 26 72 -1 -1 -1 -1 
83 2 1 5 205 236 -1 -1 -1 -1 
83 3 99 0 39 72 -1 -1 -1 -1 
83 4 195 1 58 69 -1 -1 -1 -1 
83 8 241 1 68 98 -1 -1 -1 -1 
83 12 218 54 28 44 -1 -1 -1 -1 
83 27 264 1 66 79 -1 -1 -1 -1 
84 1 249 41 26 72 -1 -1 -1 -1 
84 2 1 5 205 236 -1 -1 -1 -1 
84 3 99 0 39 72 -1 -1 -1 -1 
84 4 195 1 58 69 -1 -1 -1 -1 
84 8 241 1 68 98 -1 -1 -1 -1 
84 12 218 54 28 44 -1 -1 -1 -1 
84 27 264 1 66 79 -1 -1 -1 -1 
85 1 248 41 26 71 -1 -1 -1 -1 
85 2 1 6 203 235 -1 -1 -1 -1 
85 3 99 0 39 72 -1 -1 -1 -1 
85 4 201 0 51 68 -1 -1 -1 -1 
85 8 241 1 67 97 -1 -1 -1 -1 
85 12 218 54 27 43 -1 -1 -1 -1 
85 18 72 1 24 81 -1 -1 -1 -1 
85 27 262 1 68 79 -1 -1 -1 -1 
85 30 202 61 18 31 -1 -1 -1 -1 
86 1 248 41 26 71 -1 -1 -1 -1 
86 2 1 7 203 233 -1 -1 -1 -1 
86 3 99 0 39 72 -1 -1 -1 -1 
86 4 198 0 54 70 -1 -1 -1 -1 
86 8 240 1 67 97 -1 -1 -1 -1 
86 12 217 54 27 44 -1 -1 -1 -1 
86 18 72 1 24 81 -1 -1 -1 -1 
87 1 248 40 26 72 -1 -1 -1 -1 
87 2 1 6 203 234 -1 -1 -1 -1 
87 3 99 0 39 72 -1 -1 -1 -1 
87 4 198 0 55 70 -1 -1 -1 -1 
87 8 241 1 67 97 -1 -1 -1 -1 
87 12 218 53 27 44 -1 -1 -1 -1 
87 18 73 1 23 81 -1 -1 -1 -1 
87 27 263 1 67 78 -1 -1 -1 -1 
87 30 201 61 19 31 -1 -1 -1 -1 
88 1 248 40 27 71 -1 -1 -1 -1 
88 2 1 7 204 232 -1 -1 -1 -1 
88 3 100 0 38 71 -1 -1 -1 -1 
88 4 200 0 52 68 -1 -1 -1 -1 
88 8 239 1 69 96 -1 -1 -1 -1 
88 12 218 52 27 44 -1 -1 -1 -1 
88 18 74 1 22 79 -1 -1 -1 -1 
88 27 264 1 66 77 -1 -1 -1 -1 
88 30 201 60 19 31 -1 -1 -1 -1 
89 1 247 39 26 72 -1 -1 -1 -1 
89 2 0 7 203 231 -1 -1 -1 -1 
89 3 98 0 39 70 -1 -1 -1 -1 
89 4 196 0 60 69 -1 -1 -1 -1 
89 8 238 1 67 95 -1 -1 -1 -1 
89 12 216 52 28 44 -1 -1 -1 -1 
89 18 72 1 22 79 -1 -1 -1 -1 
89 27 263 1 66 79 -1 -1 -1 -1 
89 30 200 59 19 34 -1 -1 -1 -1 
90 1 246 39 25 71 -1 -1 -1 -1 
90 2 0 6 201 231 -1 -1 -1 -1 
90 3 97 0 39 70 -1 -1 -1 -1 
90 4 197 0 55 70 -1 -1 -1 -1 
90 8 240 1 64 95 -1 -1 -1 -1 
90 12 215 52 27 44 -1 -1 -1 -1 
90 18 70 1 23 78 -1 -1 -1 -1 
90 20 45 51 34 39 -1 -1 -1 -1 
90 27 262 1 65 79 -1 -1 -1 -1 
90 30 199 59 18 32 -1 -1 -1 -1 
91 1 246 39 25 71 -1 -1 -1 -1 
91 2 0 6 201 230 -1 -1 -1 -1 
91 3 97 0 39 70 -1 -1 -1 -1 
91 4 197 0 55 70 -1 -1 -1 -1 
91 8 240 1 64 95 -1 -1 -1 -1 
91 12 215 52 27 44 -1 -1 -1 -1 
91 18 70 1 23 78 -1 -1 -1 -1 
91 20 45 51 34 39 -1 -1 -1 -1 
91 27 262 1 65 79 -1 -1 -1 -1 
91 30 199 59 18 32 -1 -1 -1 -1 
92 1 244 39 27 72 -1 -1 -1 -1 
92 2 0 5 200 233 -1 -1 -1 -1 
92 3 96 0 39 71 -1 -1 -1 -1 
92 4 198 0 53 70 -1 -1 -1 -1 
92 8 239 1 64 96 -1 -1 -1 -1 
92 12 214 52 28 44 -1 -1 -1 -1 
92 18 70 1 22 78 -1 -1 -1 -1 
92 20 45 51 33 40 -1 -1 -1 -1 
92 27 262 1 64 77 -1 -1 -1 -1 
92 30 198 60 19 32 -1 -1 -1 -1 
93 1 246 40 26 72 -1 -1 -1 -1 
93 2 0 6 201 233 -1 -1 -1 -1 
93 3 95 0 41 72 -1 -1 -1 -1 
93 4 199 0 51 70 -1 -1 -1 -1 
93 8 244 1 60 97 -1 -1 -1 -1 
93 12 216 53 27 44 -1 -1 -1 -1 
93 18 71 1 22 79 -1 -1 -1 -1 
93 20 45 51 33 40 -1 -1 -1 -1 
93 27 263 1 64 78 -1 -1 -1 -1 
94 1 247 41 26 71 -1 -1 -1 -1 
94 2 0 6 203 234 -1 -1 -1 -1 
94 3 95 0 42 74 -1 -1 -1 -1 
94 4 198 0 55 70 -1 -1 -1 -1 
94 8 242 2 65 95 -1 -1 -1 -1 
94 12 216 54 28 44 -1 -1 -1 -1 
94 18 73 1 21 79 -1 -1 -1 -1 
94 27 263 1 65 79 -1 -1 -1 -1 
94 30 200 61 19 34 -1 -1 -1 -1 
95 1 246 41 26 72 -1 -1 -1 -1 
95 2 1 7 200 233 -1 -1 -1 -1 
95 3 95 0 41 75 -1 -1 -1 -1 
95 4 195 0 60 71 -1 -1 -1 -1 
95 8 241 1 65 99 -1 -1 -1 -1 
95 12 216 54 27 44 -1 -1 -1 -1 
95 18 72 1 22 80 -1 -1 -1 -1 
95 20 49 54 32 39 -1 -1 -1 -1 
95 27 262 1 66 79 -1 -1 -1 -1 
95 30 199 62 20 34 -1 -1 -1 -1 
96 1 246 42 26 71 -1 -1 -1 -1 
96 2 1 6 199 233 -1 -1 -1 -1 
96 3 95 1 41 75 -1 -1 -1 -1 
96 4 193 0 60 71 -1 -1 -1 -1 
96 8 242 2 66 96 -1 -1 -1 -1 
96 12 216 55 27 44 -1 -1 -1 -1 
96 18 72 1 22 81 -1 -1 -1 -1 
96 20 49 54 31 39 -1 -1 -1 -1 
96 27 262 1 66 80 -1 -1 -1 -1 
96 30 199 62 20 35 -1 -1 -1 -1 
97 1 246 43 26 72 -1 -1 -1 -1 
97 2 1 5 198 236 -1 -1 -1 -1 
97 3 93 1 42 76 -1 -1 -1 -1 
97 4 181 0 70 72 -1 -1 -1 -1 
97 8 242 1 64 101 -1 -1 -1 -1 
97 12 216 56 27 44 -1 -1 -1 -1 
97 18 73 1 21 82 -1 -1 -1 -1 
97 20 50 55 30 39 -1 -1 -1 -1 
97 27 262 1 65 82 -1 -1 -1 -1 
97 30 198 63 20 35 -1 -1 -1 -1 
98 1 246 43 26 72 -1 -1 -1 -1 
98 2 1 6 198 234 -1 -1 -1 -1 
98 3 93 1 42 77 -1 -1 -1 -1 
98 4 181 0 70 72 -1 -1 -1 -1 
98 8 242 1 64 101 -1 -1 -1 -1 
98 12 216 56 27 44 -1 -1 -1 -1 
98 18 73 1 21 82 -1 -1 -1 -1 
98 20 50 55 30 39 -1 -1 -1 -1 
98 27 262 1 65 82 -1 -1 -1 -1 
98 30 198 63 20 35 -1 -1 -1 -1 
99 1 247 46 26 71 -1 -1 -1 -1 
99 2 1 4 202 237 -1 -1 -1 -1 
99 3 94 1 43 78 -1 -1 -1 -1 
99 4 200 0 55 74 -1 -1 -1 -1 
99 7 183 1 34 68 -1 -1 -1 -1 
99 8 245 1 64 99 -1 -1 -1 -1 
99 12 217 58 27 44 -1 -1 -1 -1 
99 18 73 1 21 82 -1 -1 -1 -1 
99 20 52 58 29 38 -1 -1 -1 -1 
99 27 265 30 48 53 -1 -1 -1 -1 
100 1 248 46 27 72 -1 -1 -1 -1 
100 2 2 4 201 239 -1 -1 -1 -1 
100 3 95 1 42 80 -1 -1 -1 -1 
100 4 202 0 53 76 -1 -1 -1 -1 
100 7 183 1 34 67 -1 -1 -1 -1 
100 8 246 9 55 91 -1 -1 -1 -1 
100 12 218 59 28 44 -1 -1 -1 -1 
100 20 52 58 29 38 -1 -1 -1 -1 
100 27 277 0 62 103 -1 -1 -1 -1 
100 30 201 67 20 34 -1 -1 -1 -1 
101 1 249 47 26 72 -1 -1 -1 -1 
101 2 1 2 204 243 -1 -1 -1 -1 
101 3 94 4 44 78 -1 -1 -1 -1 
101 4 203 0 53 78 -1 -1 -1 -1 
101 7 183 2 34 68 -1 -1 -1 -1 
101 8 246 9 55 91 -1 -1 -1 -1 
101 12 218 61 28 43 -1 -1 -1 -1 
101 20 55 60 28 38 -1 -1 -1 -1 
101 27 274 1 65 98 -1 -1 -1 -1 
101 30 202 68 19 34 -1 -1 -1 -1 
102 1 250 49 26 71 -1 -1 -1 -1 
102 2 1 2 204 244 -1 -1 -1 -1 
102 3 92 1 47 83 -1 -1 -1 -1 
102 4 204 0 53 79 -1 -1 -1 -1 
102 7 184 2 35 68 -1 -1 -1 -1 
102 12 219 61 28 44 -1 -1 -1 -1 
102 20 56 61 29 38 -1 -1 -1 -1 
102 27 274 1 65 98 -1 -1 -1 -1 
103 1 251 50 25 71 -1 -1 -1 -1 
103 2 2 1 203 246 -1 -1 -1 -1 
103 3 92 2 46 84 -1 -1 -1 -1 
103 4 204 0 53 79 -1 -1 -1 -1 
103 7 184 4 35 67 -1 -1 -1 -1 
103 12 220 62 28 44 -1 -1 -1 -1 
103 20 56 61 29 38 -1 -1 -1 -1 
104 1 251 50 25 71 -1 -1 -1 -1 
104 2 1 1 204 246 -1 -1 -1 -1 
104 3 92 2 46 84 -1 -1 -1 -1 
104 4 204 0 53 79 -1 -1 -1 -1 
104 7 184 4 35 67 -1 -1 -1 -1 
104 12 220 62 28 44 -1 -1 -1 -1 
104 30 203 70 20 36 -1 -1 -1 -1 
105 1 251 51 26 71 -1 -1 -1 -1 
105 2 2 0 204 248 -1 -1 -1 -1 
105 3 91 1 47 83 -1 -1 -1 -1 
105 4 204 0 54 79 -1 -1 -1 -1 
105 7 185 5 34 68 -1 -1 -1 -1 
105 12 221 64 27 44 -1 -1 -1 -1 
105 30 203 72 21 35 -1 -1 -1 -1 
106 1 252 52 25 72 -1 -1 -1 -1 
106 2 1 2 205 247 -1 -1 -1 -1 
106 3 91 2 49 87 -1 -1 -1 -1 
106 4 206 1 52 78 -1 -1 -1 -1 
106 5 160 3 179 214 -1 -1 -1 -1 
106 7 185 5 34 68 -1 -1 -1 -1 
106 12 222 66 27 44 -1 -1 -1 -1 
107 1 252 54 26 71 -1 -1 -1 -1 
107 2 1 1 206 247 -1 -1 -1 -1 
107 3 91 2 49 87 -1 -1 -1 -1 
107 4 205 1 55 80 -1 -1 -1 -1 
107 5 160 3 179 214 -1 -1 -1 -1 
108 1 252 54 26 71 -1 -1 -1 -1 
108 2 1 0 206 249 -1 -1 -1 -1 
108 3 87 0 42 91 -1 -1 -1 -1 
108 4 205 1 56 80 -1 -1 -1 -1 
108 12 221 67 28 44 -1 -1 -1 -1 
108 30 204 75 20 34 -1 -1 -1 -1 
109 1 252 56 23 70 -1 -1 -1 -1 
109 2 1 0 207 249 -1 -1 -1 -1 
109 3 85 1 44 94 -1 -1 -1 -1 
109 4 205 1 56 80 -1 -1 -1 -1 
109 7 128 1 40 77 -1 -1 -1 -1 
109 12 222 68 27 44 -1 -1 -1 -1 
109 30 205 76 19 33 -1 -1 -1 -1 
110 1 252 60 21 68 -1 -1 -1 -1 
110 2 1 0 209 250 -1 -1 -1 -1 
110 3 86 0 44 95 -1 -1 -1 -1 
110 4 206 1 55 80 -1 -1 -1 -1 
110 5 167 3 172 221 -1 -1 -1 -1 
110 7 128 1 40 77 -1 -1 -1 -1 
110 12 222 69 28 43 -1 -1 -1 -1 
110 20 56 69 31 36 -1 -1 -1 -1 
111 1 252 60 21 68 -1 -1 -1 -1 
111 2 1 0 209 250 -1 -1 -1 -1 
111 3 86 0 44 95 -1 -1 -1 -1 
111 4 206 1 55 80 -1 -1 -1 -1 
111 5 166 3 172 221 -1 -1 -1 -1 
111 12 222 69 28 43 -1 -1 -1 -1 
111 20 56 69 31 36 -1 -1 -1 -1 
111 30 206 76 19 34 -1 -1 -1 -1 
112 1 252 60 22 69 -1 -1 -1 -1 
112 2 1 0 209 250 -1 -1 -1 -1 
112 3 86 0 44 95 -1 -1 -1 -1 
112 4 206 1 55 82 -1 -1 -1 -1 
112 5 187 2 152 223 -1 -1 -1 -1 
112 7 130 1 40 77 -1 -1 -1 -1 
112 8 195 11 30 71 -1 -1 -1 -1 
112 12 223 69 27 44 -1 -1 -1 -1 
112 20 56 69 31 36 -1 -1 -1 -1 
112 27 121 16 23 63 -1 -1 -1 -1 
113 1 252 62 21 67 -1 -1 -1 -1 
113 2 1 0 208 251 -1 -1 -1 -1 
113 3 87 0 42 95 -1 -1 -1 -1 
113 4 206 1 54 82 -1 -1 -1 -1 
113 5 169 3 169 222 -1 -1 -1 -1 
113 7 130 1 40 77 -1 -1 -1 -1 
113 8 194 11 33 72 -1 -1 -1 -1 
113 12 222 71 27 44 -1 -1 -1 -1 
114 1 251 64 22 65 -1 -1 -1 -1 
114 2 1 0 209 251 -1 -1 -1 -1 
114 3 87 0 41 95 -1 -1 -1 -1 
114 4 204 0 54 84 -1 -1 -1 -1 
114 5 164 3 174 223 -1 -1 -1 -1 
114 7 129 1 41 65 -1 -1 -1 -1 
114 8 192 13 29 70 -1 -1 -1 -1 
114 12 220 72 28 43 -1 -1 -1 -1 
114 20 57 72 29 34 -1 -1 -1 -1 
114 27 119 17 27 64 -1 -1 -1 -1 
115 1 252 65 23 64 -1 -1 -1 -1 
115 2 1 0 209 251 -1 -1 -1 -1 
115 3 87 0 41 97 -1 -1 -1 -1 
115 4 205 0 53 84 -1 -1 -1 -1 
115 5 164 3 174 223 -1 -1 -1 -1 
115 7 129 1 41 65 -1 -1 -1 -1 
115 8 185 14 36 68 -1 -1 -1 -1 
115 12 222 72 27 43 -1 -1 -1 -1 
115 20 58 73 30 35 -1 -1 -1 -1 
115 27 120 19 24 62 -1 -1 -1 -1 
116 1 253 66 22 66 -1 -1 -1 -1 
116 2 1 0 209 253 -1 -1 -1 -1 
116 3 88 0 41 100 -1 -1 -1 -1 
116 4 206 0 55 89 -1 -1 -1 -1 
116 5 162 3 177 228 -1 -1 -1 -1 
116 7 131 3 38 67 -1 -1 -1 -1 
116 8 185 14 36 68 -1 -1 -1 -1 
116 12 223 74 27 43 -1 -1 -1 -1 
117 1 255 68 22 67 -1 -1 -1 -1 
117 2 1 2 210 251 -1 -1 -1 -1 
117 3 89 0 41 105 -1 -1 -1 -1 
117 4 208 0 53 90 -1 -1 -1 -1 
117 5 159 5 180 228 -1 -1 -1 -1 
117 7 132 7 40 65 -1 -1 -1 -1 
117 12 224 77 28 44 -1 -1 -1 -1 
117 27 122 26 26 63 -1 -1 -1 -1 
118 1 255 68 22 67 -1 -1 -1 -1 
118 2 1 2 210 251 -1 -1 -1 -1 
118 3 89 0 41 105 -1 -1 -1 -1 
118 4 208 0 53 90 -1 -1 -1 -1 
118 5 160 5 178 228 -1 -1 -1 -1 
118 7 132 7 40 65 -1 -1 -1 -1 
118 12 224 77 28 44 -1 -1 -1 -1 
118 27 122 26 26 63 -1 -1 -1 -1 
119 1 255 69 23 68 -1 -1 -1 -1 
119 2 1 2 210 251 -1 -1 -1 -1 
119 3 91 0 39 108 -1 -1 -1 -1 
119 4 208 0 53 91 -1 -1 -1 -1 
119 5 159 4 180 231 -1 -1 -1 -1 
119 7 132 7 40 65 -1 -1 -1 -1 
119 12 225 80 27 43 -1 -1 -1 -1 
120 1 254 69 24 69 -1 -1 -1 -1 
120 2 1 2 210 252 -1 -1 -1 -1 
120 3 90 0 40 109 -1 -1 -1 -1 
120 4 207 0 53 93 -1 -1 -1 -1 
120 5 155 3 183 233 -1 -1 -1 -1 
120 7 133 10 40 62 -1 -1 -1 -1 
120 12 223 82 28 43 -1 -1 -1 -1 
120 27 122 30 28 63 -1 -1 -1 -1 
121 1 253 70 26 70 -1 -1 -1 -1 
121 2 1 5 210 248 -1 -1 -1 -1 
121 3 89 0 39 109 -1 -1 -1 -1 
121 4 206 0 55 97 -1 -1 -1 -1 
121 5 156 3 183 234 -1 -1 -1 -1 
121 7 132 11 39 62 -1 -1 -1 -1 
121 12 223 82 28 44 -1 -1 -1 -1 
121 27 121 31 28 62 -1 -1 -1 -1 
122 1 253 72 27 70 -1 -1 -1 -1 
122 2 1 5 210 248 -1 -1 -1 -1 
122 3 90 1 38 110 -1 -1 -1 -1 
122 4 205 0 54 96 -1 -1 -1 -1 
122 5 155 2 184 239 -1 -1 -1 -1 
122 7 131 14 40 64 -1 -1 -1 -1 
122 12 223 85 27 43 -1 -1 -1 -1 
122 18 89 43 39 68 -1 -1 -1 -1 
122 27 121 33 26 63 -1 -1 -1 -1 
123 1 253 72 27 71 -1 -1 -1 -1 
123 2 0 4 213 249 -1 -1 -1 -1 
123 3 90 1 39 110 -1 -1 -1 -1 
123 4 206 0 53 99 -1 -1 -1 -1 
123 5 156 2 183 240 -1 -1 -1 -1 
123 7 132 15 38 63 -1 -1 -1 -1 
123 12 224 85 27 44 -1 -1 -1 -1 
123 18 89 43 39 68 -1 -1 -1 -1 
123 27 121 34 30 62 -1 -1 -1 -1 
124 1 255 72 26 70 -1 -1 -1 -1 
124 2 2 2 211 253 -1 -1 -1 -1 
124 3 91 0 38 111 -1 -1 -1 -1 
124 4 208 0 50 98 -1 -1 -1 -1 
124 5 156 1 183 241 -1 -1 -1 -1 
124 7 132 15 41 68 -1 -1 -1 -1 
124 8 195 28 30 67 -1 -1 -1 -1 
124 12 224 85 28 43 -1 -1 -1 -1 
124 27 122 34 29 62 -1 -1 -1 -1 
125 1 255 72 26 70 -1 -1 -1 -1 
125 2 2 2 210 253 -1 -1 -1 -1 
125 3 91 0 39 111 -1 -1 -1 -1 
125 4 207 0 51 98 -1 -1 -1 -1 
125 5 157 1 182 242 -1 -1 -1 -1 
125 7 130 15 43 78 -1 -1 -1 -1 
125 8 195 28 30 67 -1 -1 -1 -1 
125 12 224 85 28 43 -1 -1 -1 -1 
125 27 123 33 27 63 -1 -1 -1 -1 
125 33 228 30 41 12 -1 -1 -1 -1 
126 1 255 72 26 71 -1 -1 -1 -1 
126 2 2 2 213 253 -1 -1 -1 -1 
126 3 93 0 37 111 -1 -1 -1 -1 
126 4 208 1 52 95 -1 -1 -1 -1 
126 5 158 2 180 243 -1 -1 -1 -1 
126 7 132 16 42 79 -1 -1 -1 -1 
126 8 195 29 37 69 -1 -1 -1 -1 
126 12 226 86 26 42 -1 -1 -1 -1 
126 27 123 34 28 63 -1 -1 -1 -1 
126 33 228 30 42 13 -1 -1 -1 -1 
127 1 256 73 26 70 -1 -1 -1 -1 
127 2 1 2 214 253 -1 -1 -1 -1 
127 3 94 0 36 111 -1 -1 -1 -1 
127 4 208 0 52 100 -1 -1 -1 -1 
127 5 157 2 182 243 -1 -1 -1 -1 
127 7 132 16 42 79 -1 -1 -1 -1 
127 8 195 29 37 69 -1 -1 -1 -1 
127 12 226 86 27 43 -1 -1 -1 -1 
128 1 257 74 27 70 -1 -1 -1 -1 
128 2 2 2 214 252 -1 -1 -1 -1 
128 3 95 0 36 111 -1 -1 -1 -1 
128 4 209 0 54 99 -1 -1 -1 -1 
128 5 190 0 149 245 -1 -1 -1 -1 
128 7 135 17 43 74 -1 -1 -1 -1 
128 8 197 30 33 71 -1 -1 -1 -1 
128 12 227 86 27 44 -1 -1 -1 -1 
128 27 126 34 27 63 -1 -1 -1 -1 
129 1 258 72 26 70 -1 -1 -1 -1 
129 2 1 2 218 252 -1 -1 -1 -1 
129 3 99 0 33 108 -1 -1 -1 -1 
129 4 211 1 54 98 -1 -1 -1 -1 
129 5 191 1 148 240 -1 -1 -1 -1 
129 7 136 16 42 65 -1 -1 -1 -1 
129 8 199 29 29 68 -1 -1 -1 -1 
129 12 228 84 27 43 -1 -1 -1 -1 
129 27 127 33 27 61 -1 -1 -1 -1 
130 1 257 69 26 71 -1 -1 -1 -1 
130 2 1 1 216 251 -1 -1 -1 -1 
130 3 100 0 32 104 -1 -1 -1 -1 
130 4 211 1 54 99 -1 -1 -1 -1 
130 5 191 1 148 240 -1 -1 -1 -1 
130 7 135 14 41 73 -1 -1 -1 -1 
130 8 199 29 29 68 -1 -1 -1 -1 
131 1 256 66 25 71 -1 -1 -1 -1 
131 2 1 1 216 252 -1 -1 -1 -1 
131 3 98 0 31 100 -1 -1 -1 -1 
131 4 208 0 53 91 -1 -1 -1 -1 
131 7 134 10 46 64 -1 -1 -1 -1 
131 12 226 78 26 44 -1 -1 -1 -1 
131 27 124 27 26 61 -1 -1 -1 -1 
131 33 231 24 53 13 -1 -1 -1 -1 
132 1 255 66 26 71 -1 -1 -1 -1 
132 2 1 1 217 252 -1 -1 -1 -1 
132 3 98 0 31 100 -1 -1 -1 -1 
132 4 209 0 52 91 -1 -1 -1 -1 
132 7 134 10 46 64 -1 -1 -1 -1 
132 12 226 78 26 44 -1 -1 -1 -1 
132 27 124 27 26 61 -1 -1 -1 -1 
132 33 231 24 53 13 -1 -1 -1 -1 
133 1 256 65 25 71 -1 -1 -1 -1 
133 2 1 1 216 252 -1 -1 -1 -1 
133 3 98 0 31 101 -1 -1 -1 -1 
133 4 208 0 52 92 -1 -1 -1 -1 
133 7 134 10 46 64 -1 -1 -1 -1 
133 12 226 78 26 44 -1 -1 -1 -1 
133 27 123 27 26 61 -1 -1 -1 -1 
134 1 256 63 26 70 -1 -1 -1 -1 
134 2 1 1 219 253 -1 -1 -1 -1 
134 3 100 0 29 99 -1 -1 -1 -1 
134 4 209 0 51 90 -1 -1 -1 -1 
134 7 133 9 44 76 -1 -1 -1 -1 
134 12 227 75 26 44 -1 -1 -1 -1 
134 27 124 26 27 61 -1 -1 -1 -1 
134 33 228 21 63 15 -1 -1 -1 -1 
135 1 256 62 27 70 -1 -1 -1 -1 
135 2 1 1 218 252 -1 -1 -1 -1 
135 3 99 0 29 96 -1 -1 -1 -1 
135 4 209 0 50 88 -1 -1 -1 -1 
135 5 191 6 148 222 -1 -1 -1 -1 
135 7 132 8 46 77 -1 -1 -1 -1 
135 8 196 21 36 70 -1 -1 -1 -1 
135 12 227 74 26 43 -1 -1 -1 -1 
135 27 124 24 26 62 -1 -1 -1 -1 
135 33 227 19 63 16 -1 -1 -1 -1 
136 1 257 60 27 71 -1 -1 -1 -1 
136 2 1 0 219 252 -1 -1 -1 -1 
136 3 99 0 29 96 -1 -1 -1 -1 
136 4 210 0 50 89 -1 -1 -1 -1 
136 5 193 6 146 221 -1 -1 -1 -1 
136 7 132 8 46 77 -1 -1 -1 -1 
136 8 197 20 33 68 -1 -1 -1 -1 
136 12 227 73 27 44 -1 -1 -1 -1 
136 18 134 8 43 59 -1 -1 -1 -1 
136 23 179 2 34 50 -1 -1 -1 -1 
136 27 125 24 26 61 -1 -1 -1 -1 
137 1 258 59 26 71 -1 -1 -1 -1 
137 2 1 0 218 252 -1 -1 -1 -1 
137 4 210 0 50 88 -1 -1 -1 -1 
137 5 192 9 147 214 -1 -1 -1 -1 
137 8 197 20 33 68 -1 -1 -1 -1 
137 12 228 72 27 44 -1 -1 -1 -1 
137 18 134 8 44 66 -1 -1 -1 -1 
137 23 179 2 34 50 -1 -1 -1 -1 
137 27 125 23 25 61 -1 -1 -1 -1 
138 1 258 59 26 71 -1 -1 -1 -1 
138 2 1 0 218 253 -1 -1 -1 -1 
138 4 210 0 50 88 -1 -1 -1 -1 
138 5 193 9 146 214 -1 -1 -1 -1 
138 12 228 72 27 44 -1 -1 -1 -1 
138 18 134 8 44 66 -1 -1 -1 -1 
138 27 125 23 25 61 -1 -1 -1 -1 
138 33 229 16 62 17 -1 -1 -1 -1 
138 34 249 0 60 98 -1 -1 -1 -1 
139 1 259 59 27 71 -1 -1 -1 -1 
139 2 1 0 217 252 -1 -1 -1 -1 
139 4 211 0 50 90 -1 -1 -1 -1 
139 5 195 8 144 215 -1 -1 -1 -1 
139 12 229 71 27 44 -1 -1 -1 -1 
139 18 134 8 44 66 -1 -1 -1 -1 
139 27 126 23 23 61 -1 -1 -1 -1 
139 33 228 16 66 17 -1 -1 -1 -1 
140 1 261 58 27 71 -1 -1 -1 -1 
140 2 1 2 214 250 -1 -1 -1 -1 
140 4 212 0 50 90 -1 -1 -1 -1 
140 5 195 8 144 215 -1 -1 -1 -1 
140 12 231 70 27 44 -1 -1 -1 -1 
140 18 136 6 44 73 -1 -1 -1 -1 
140 27 128 23 23 61 -1 -1 -1 -1 
140 33 224 14 73 18 -1 -1 -1 -1 
141 1 261 57 27 71 -1 -1 -1 -1 
141 2 1 2 214 249 -1 -1 -1 -1 
141 4 213 0 50 89 -1 -1 -1 -1 
141 12 231 69 27 44 -1 -1 -1 -1 
141 18 136 6 45 68 -1 -1 -1 -1 
141 27 128 22 23 49 -1 -1 -1 -1 
141 33 225 14 71 17 -1 -1 -1 -1 
141 34 250 0 68 116 -1 -1 -1 -1 
142 1 260 53 27 72 -1 -1 -1 -1 
142 2 2 2 215 249 -1 -1 -1 -1 
142 3 127 22 22 34 -1 -1 -1 -1 
142 4 212 0 51 82 -1 -1 -1 -1 
142 12 230 65 27 44 -1 -1 -1 -1 
142 18 135 3 44 70 -1 -1 -1 -1 
142 27 128 22 23 49 -1 -1 -1 -1 
142 33 229 12 67 19 -1 -1 -1 -1 
143 1 258 47 26 72 -1 -1 -1 -1 
143 2 2 1 213 244 -1 -1 -1 -1 
143 3 127 22 22 34 -1 -1 -1 -1 
143 4 210 0 50 78 -1 -1 -1 -1 
143 12 228 58 27 45 -1 -1 -1 -1 
144 1 256 44 26 73 -1 -1 -1 -1 
144 2 1 4 212 238 -1 -1 -1 -1 
144 3 123 8 23 40 -1 -1 -1 -1 
144 4 196 0 63 77 -1 -1 -1 -1 
144 8 85 1 41 79 -1 -1 -1 -1 
144 12 226 56 27 44 -1 -1 -1 -1 
144 33 227 5 67 17 -1 -1 -1 -1 
144 34 249 0 66 101 -1 -1 -1 -1 
145 1 256 44 26 73 -1 -1 -1 -1 
145 2 1 4 212 238 -1 -1 -1 -1 
145 3 123 8 23 40 -1 -1 -1 -1 
145 4 196 0 63 77 -1 -1 -1 -1 
145 8 85 1 41 79 -1 -1 -1 -1 
145 12 226 56 27 44 -1 -1 -1 -1 
145 33 227 5 67 17 -1 -1 -1 -1 
145 34 248 0 67 101 -1 -1 -1 -1 
146 1 255 44 26 72 -1 -1 -1 -1 
146 2 1 4 211 237 -1 -1 -1 -1 
146 3 123 8 23 40 -1 -1 -1 -1 
146 4 205 0 52 75 -1 -1 -1 -1 
146 8 85 1 41 79 -1 -1 -1 -1 
146 12 224 56 28 44 -1 -1 -1 -1 
146 18 129 0 65 66 -1 -1 -1 -1 
146 27 121 7 23 48 -1 -1 -1 -1 
146 33 226 5 65 17 -1 -1 -1 -1 
147 1 255 43 26 72 -1 -1 -1 -1 
147 2 1 6 210 235 -1 -1 -1 -1 
147 4 206 0 51 75 -1 -1 -1 -1 
147 12 225 55 27 45 -1 -1 -1 -1 
147 18 129 0 46 65 -1 -1 -1 -1 
147 27 120 6 24 48 -1 -1 -1 -1 
147 33 226 5 65 17 -1 -1 -1 -1 
147 34 247 0 70 96 -1 -1 -1 -1 
148 1 255 44 26 72 -1 -1 -1 -1 
148 2 1 5 212 237 -1 -1 -1 -1 
148 4 203 0 53 76 -1 -1 -1 -1 
148 8 82 1 43 79 -1 -1 -1 -1 
148 12 224 56 28 44 -1 -1 -1 -1 
148 18 128 0 48 67 -1 -1 -1 -1 
148 23 120 7 24 61 -1 -1 -1 -1 
148 27 120 6 24 48 -1 -1 -1 -1 
148 33 223 4 66 17 -1 -1 -1 -1 
148 34 246 0 71 101 -1 -1 -1 -1 
149 1 256 44 26 73 -1 -1 -1 -1 
149 2 1 5 211 239 -1 -1 -1 -1 
149 4 204 0 52 76 -1 -1 -1 -1 
149 8 85 1 42 79 -1 -1 -1 -1 
149 12 225 57 28 45 -1 -1 -1 -1 
149 18 128 0 66 68 -1 -1 -1 -1 
149 23 120 7 24 61 -1 -1 -1 -1 
149 33 224 6 65 16 -1 -1 -1 -1 
149 34 247 0 70 96 -1 -1 -1 -1 
150 1 257 45 26 73 -1 -1 -1 -1 
150 2 1 3 213 241 -1 -1 -1 -1 
150 4 205 1 52 77 -1 -1 -1 -1 
150 5 189 7 150 206 -1 -1 -1 -1 
150 8 84 1 44 84 -1 -1 -1 -1 
150 12 226 57 29 46 -1 -1 -1 -1 
150 18 130 0 57 69 -1 -1 -1 -1 
150 30 209 64 20 35 -1 -1 -1 -1 
150 33 223 6 67 17 -1 -1 -1 -1 
150 34 248 0 71 100 -1 -1 -1 -1 
150 35 1 131 336 121 -1 -1 -1 -1 
151 1 258 46 26 73 -1 -1 -1 -1 
151 2 1 3 212 243 -1 -1 -1 -1 
151 4 207 0 51 80 -1 -1 -1 -1 
151 5 189 7 150 206 -1 -1 -1 -1 
151 8 84 0 46 86 -1 -1 -1 -1 
151 12 227 58 28 45 -1 -1 -1 -1 
151 18 130 0 57 69 -1 -1 -1 -1 
151 30 209 65 20 35 -1 -1 -1 -1 
152 1 258 46 26 73 -1 -1 -1 -1 
152 2 1 3 212 243 -1 -1 -1 -1 
152 4 207 0 51 80 -1 -1 -1 -1 
152 8 84 0 46 86 -1 -1 -1 -1 
152 12 227 58 28 45 -1 -1 -1 -1 
152 30 209 65 20 35 -1 -1 -1 -1 
152 33 226 8 65 15 -1 -1 -1 -1 
152 34 249 0 68 102 -1 -1 -1 -1 
153 1 258 47 27 72 -1 -1 -1 -1 
153 2 1 3 216 242 -1 -1 -1 -1 
153 4 207 0 51 80 -1 -1 -1 -1 
153 8 91 1 40 78 -1 -1 -1 -1 
153 12 228 58 28 46 -1 -1 -1 -1 
153 18 130 0 47 70 -1 -1 -1 -1 
153 30 210 66 21 33 -1 -1 -1 -1 
153 33 226 8 67 15 -1 -1 -1 -1 
153 34 250 0 69 100 -1 -1 -1 -1 
153 35 1 132 337 120 -1 -1 -1 -1 
154 1 259 47 26 73 -1 -1 -1 -1 
154 2 1 3 217 243 -1 -1 -1 -1 
154 4 207 0 51 81 -1 -1 -1 -1 
154 8 91 1 40 78 -1 -1 -1 -1 
154 12 228 58 28 49 -1 -1 -1 -1 
154 18 130 0 46 70 -1 -1 -1 -1 
154 30 210 66 21 33 -1 -1 -1 -1 
154 33 224 8 69 16 -1 -1 -1 -1 
154 34 249 0 71 108 -1 -1 -1 -1 
155 1 259 49 26 73 -1 -1 -1 -1 
155 2 1 3 214 244 -1 -1 -1 -1 
155 4 207 0 50 82 -1 -1 -1 -1 
155 5 191 6 148 202 -1 -1 -1 -1 
155 8 101 1 30 76 -1 -1 -1 -1 
155 12 229 61 27 45 -1 -1 -1 -1 
155 18 130 0 46 70 -1 -1 -1 -1 
155 30 211 68 20 36 -1 -1 -1 -1 
155 33 226 9 67 18 -1 -1 -1 -1 
155 34 248 0 72 112 -1 -1 -1 -1 
156 1 259 51 26 73 -1 -1 -1 -1 
156 2 2 3 214 248 -1 -1 -1 -1 
156 4 207 0 50 82 -1 -1 -1 -1 
156 5 191 6 148 202 -1 -1 -1 -1 
156 8 100 1 31 81 -1 -1 -1 -1 
156 12 227 62 29 46 -1 -1 -1 -1 
156 18 130 0 43 75 -1 -1 -1 -1 
157 1 255 55 28 73 -1 -1 -1 -1 
157 2 3 3 210 249 -1 -1 -1 -1 
157 4 204 0 51 87 -1 -1 -1 -1 
157 5 192 4 147 212 -1 -1 -1 -1 
157 8 97 1 31 84 -1 -1 -1 -1 
157 12 224 66 30 46 -1 -1 -1 -1 
157 18 128 3 43 74 -1 -1 -1 -1 
157 34 247 0 70 120 -1 -1 -1 -1 
158 1 250 58 30 72 -1 -1 -1 -1 
158 2 2 3 206 250 -1 -1 -1 -1 
158 4 204 0 51 87 -1 -1 -1 -1 
158 5 186 5 153 215 -1 -1 -1 -1 
158 7 183 1 20 46 -1 -1 -1 -1 
158 8 93 0 31 88 -1 -1 -1 -1 
158 12 219 70 30 45 -1 -1 -1 -1 
158 18 124 7 43 75 -1 -1 -1 -1 
159 1 251 58 29 73 -1 -1 -1 -1 
159 2 2 3 206 250 -1 -1 -1 -1 
159 5 186 5 153 215 -1 -1 -1 -1 
159 7 183 1 20 46 -1 -1 -1 -1 
159 8 93 0 31 88 -1 -1 -1 -1 
159 12 219 70 30 45 -1 -1 -1 -1 
159 18 124 7 43 75 -1 -1 -1 -1 
159 34 242 0 71 120 -1 -1 -1 -1 
160 1 247 62 27 72 -1 -1 -1 -1 
160 2 2 3 203 249 -1 -1 -1 -1 
160 4 196 1 50 94 -1 -1 -1 -1 
160 5 184 4 155 221 -1 -1 -1 -1 
160 7 177 4 21 48 -1 -1 -1 -1 
160 8 93 0 31 88 -1 -1 -1 -1 
160 12 216 74 29 45 -1 -1 -1 -1 
160 18 120 11 41 75 -1 -1 -1 -1 
160 34 239 0 66 128 -1 -1 -1 -1 
161 1 244 63 29 72 -1 -1 -1 -1 
161 2 2 2 201 250 -1 -1 -1 -1 
161 4 194 0 49 87 -1 -1 -1 -1 
161 5 182 3 157 223 -1 -1 -1 -1 
161 7 177 4 21 48 -1 -1 -1 -1 
161 8 87 0 33 94 -1 -1 -1 -1 
161 12 214 75 28 45 -1 -1 -1 -1 
161 18 118 13 43 76 -1 -1 -1 -1 
162 1 241 64 29 72 -1 -1 -1 -1 
162 2 1 4 198 249 -1 -1 -1 -1 
162 4 191 0 50 98 -1 -1 -1 -1 
162 5 182 3 157 223 -1 -1 -1 -1 
162 7 174 8 20 50 -1 -1 -1 -1 
162 8 82 0 39 102 -1 -1 -1 -1 
162 12 211 77 30 45 -1 -1 -1 -1 
162 18 117 14 41 76 -1 -1 -1 -1 
163 1 237 69 28 71 -1 -1 -1 -1 
163 2 1 5 195 249 -1 -1 -1 -1 
163 4 188 0 49 102 -1 -1 -1 -1 
163 5 275 2 64 243 -1 -1 -1 -1 
163 7 170 10 21 52 -1 -1 -1 -1 
163 8 77 0 41 108 -1 -1 -1 -1 
163 12 207 80 29 45 -1 -1 -1 -1 
163 18 114 18 40 76 -1 -1 -1 -1 
163 34 227 1 70 102 -1 -1 -1 -1 
164 1 233 71 27 70 -1 -1 -1 -1 
164 2 1 5 190 250 -1 -1 -1 -1 
164 4 185 0 48 89 -1 -1 -1 -1 
164 5 167 7 167 237 -1 -1 -1 -1 
164 7 166 14 21 52 -1 -1 -1 -1 
164 8 74 0 41 110 -1 -1 -1 -1 
164 12 204 83 27 44 -1 -1 -1 -1 
164 18 112 20 40 74 -1 -1 -1 -1 
164 34 223 2 69 103 -1 -1 -1 -1 
165 1 233 71 27 70 -1 -1 -1 -1 
165 2 1 5 190 250 -1 -1 -1 -1 
165 4 185 0 48 90 -1 -1 -1 -1 
165 5 167 7 167 236 -1 -1 -1 -1 
165 7 166 14 21 52 -1 -1 -1 -1 
165 8 74 0 41 110 -1 -1 -1 -1 
165 12 204 83 27 44 -1 -1 -1 -1 
165 18 112 20 40 74 -1 -1 -1 -1 
165 34 223 2 69 103 -1 -1 -1 -1 
166 1 229 72 27 71 -1 -1 -1 -1 
166 2 1 4 186 250 -1 -1 -1 -1 
166 4 182 0 47 97 -1 -1 -1 -1 
166 5 165 8 167 236 -1 -1 -1 -1 
166 7 163 15 21 53 -1 -1 -1 -1 
166 8 72 0 42 110 -1 -1 -1 -1 
166 12 200 83 27 46 -1 -1 -1 -1 
166 18 109 21 41 72 -1 -1 -1 -1 
166 34 218 1 71 103 -1 -1 -1 -1 
167 1 226 75 26 70 -1 -1 -1 -1 
167 2 2 3 180 250 -1 -1 -1 -1 
167 4 178 0 48 90 -1 -1 -1 -1 
167 5 159 7 174 237 -1 -1 -1 -1 
167 7 159 17 22 54 -1 -1 -1 -1 
167 8 69 0 42 110 -1 -1 -1 -1 
167 12 197 85 29 46 -1 -1 -1 -1 
167 18 109 21 41 72 -1 -1 -1 -1 
167 30 198 35 62 17 -1 -1 -1 -1 
168 1 224 77 25 70 -1 -1 -1 -1 
168 2 2 4 178 248 -1 -1 -1 -1 
168 4 176 0 49 102 -1 -1 -1 -1 
168 5 158 7 177 239 -1 -1 -1 -1 
168 7 158 19 21 54 -1 -1 -1 -1 
168 8 66 0 44 112 -1 -1 -1 -1 
168 12 196 88 26 45 -1 -1 -1 -1 
168 23 109 24 34 48 -1 -1 -1 -1 
168 30 194 39 64 16 -1 -1 -1 -1 
168 34 212 1 75 117 -1 -1 -1 -1 
169 1 222 80 26 70 -1 -1 -1 -1 
169 2 1 3 175 250 -1 -1 -1 -1 
169 4 175 0 49 109 -1 -1 -1 -1 
169 5 154 6 180 238 -1 -1 -1 -1 
169 7 158 19 21 54 -1 -1 -1 -1 
169 8 64 0 45 114 -1 -1 -1 -1 
169 12 194 91 27 46 -1 -1 -1 -1 
169 23 109 27 33 37 -1 -1 -1 -1 
169 30 192 43 63 13 -1 -1 -1 -1 
170 1 221 80 25 69 -1 -1 -1 -1 
170 2 1 4 175 249 -1 -1 -1 -1 
170 4 173 0 50 108 -1 -1 -1 -1 
170 5 151 7 184 239 -1 -1 -1 -1 
170 8 64 0 46 113 -1 -1 -1 -1 
170 12 192 91 26 43 -1 -1 -1 -1 
170 18 156 40 33 59 -1 -1 -1 -1 
170 23 109 27 33 37 -1 -1 -1 -1 
170 30 190 43 63 14 -1 -1 -1 -1 
170 34 214 1 76 122 -1 -1 -1 -1 
171 1 219 80 25 69 -1 -1 -1 -1 
171 2 1 2 174 250 -1 -1 -1 -1 
171 4 173 0 51 109 -1 -1 -1 -1 
171 5 147 14 191 235 -1 -1 -1 -1 
171 8 63 0 45 111 -1 -1 -1 -1 
171 12 191 91 26 43 -1 -1 -1 -1 
171 18 156 40 33 59 -1 -1 -1 -1 
171 23 107 26 32 36 -1 -1 -1 -1 
171 30 190 43 63 14 -1 -1 -1 -1 
172 1 219 80 25 69 -1 -1 -1 -1 
172 2 1 2 174 250 -1 -1 -1 -1 
172 4 173 0 51 109 -1 -1 -1 -1 
172 5 147 10 192 239 -1 -1 -1 -1 
172 8 63 0 45 111 -1 -1 -1 -1 
172 12 191 91 26 43 -1 -1 -1 -1 
172 18 156 41 35 57 -1 -1 -1 -1 
172 23 107 26 32 35 -1 -1 -1 -1 
172 30 188 41 65 15 -1 -1 -1 -1 
172 34 213 1 71 134 -1 -1 -1 -1 
172 40 173 97 20 37 -1 -1 -1 -1 
173 1 218 80 25 68 -1 -1 -1 -1 
173 2 2 3 172 250 -1 -1 -1 -1 
173 3 109 25 30 25 -1 -1 -1 -1 
173 4 171 0 52 109 -1 -1 -1 -1 
173 5 145 7 192 243 -1 -1 -1 -1 
173 7 154 20 21 57 -1 -1 -1 -1 
173 8 63 0 45 109 -1 -1 -1 -1 
173 12 190 91 26 42 -1 -1 -1 -1 
173 18 156 41 35 57 -1 -1 -1 -1 
173 23 107 26 32 35 -1 -1 -1 -1 
173 30 189 41 62 15 -1 -1 -1 -1 
173 34 214 1 65 131 -1 -1 -1 -1 
174 1 219 77 25 67 -1 -1 -1 -1 
174 2 3 4 171 249 -1 -1 -1 -1 
174 3 109 25 30 25 -1 -1 -1 -1 
174 4 172 0 51 106 -1 -1 -1 -1 
174 5 143 1 196 249 -1 -1 -1 -1 
174 7 154 20 21 57 -1 -1 -1 -1 
174 8 64 0 46 106 -1 -1 -1 -1 
174 12 191 85 26 44 -1 -1 -1 -1 
175 1 219 73 25 68 -1 -1 -1 -1 
175 2 3 3 172 251 -1 -1 -1 -1 
175 4 172 0 51 100 -1 -1 -1 -1 
175 5 150 2 187 250 -1 -1 -1 -1 
175 8 66 0 45 102 -1 -1 -1 -1 
175 12 191 81 26 44 -1 -1 -1 -1 
175 30 192 38 60 16 -1 -1 -1 -1 
175 34 214 4 58 115 -1 -1 -1 -1 
176 1 219 71 24 69 -1 -1 -1 -1 
176 2 2 2 172 251 -1 -1 -1 -1 
176 3 111 14 28 25 -1 -1 -1 -1 
176 4 172 0 51 101 -1 -1 -1 -1 
176 5 149 4 188 243 -1 -1 -1 -1 
176 7 159 10 17 56 -1 -1 -1 -1 
176 8 69 1 41 86 -1 -1 -1 -1 
176 12 191 81 26 45 -1 -1 -1 -1 
176 18 161 31 29 61 -1 -1 -1 -1 
176 20 26 78 22 34 -1 -1 -1 -1 
176 23 110 34 44 15 -1 -1 -1 -1 
176 30 193 32 59 15 -1 -1 -1 -1 
176 34 214 1 59 117 -1 -1 -1 -1 
176 40 172 88 21 40 -1 -1 -1 -1 
177 1 218 70 25 68 -1 -1 -1 -1 
177 2 2 2 172 250 -1 -1 -1 -1 
177 3 109 15 30 37 -1 -1 -1 -1 
177 4 171 0 51 100 -1 -1 -1 -1 
177 5 150 6 187 239 -1 -1 -1 -1 
177 7 159 10 16 55 -1 -1 -1 -1 
177 8 69 0 40 97 -1 -1 -1 -1 
177 12 191 77 25 46 -1 -1 -1 -1 
177 18 161 31 29 61 -1 -1 -1 -1 
177 20 26 78 22 34 -1 -1 -1 -1 
177 23 110 34 44 15 -1 -1 -1 -1 
178 1 218 64 24 68 -1 -1 -1 -1 
178 2 2 1 172 249 -1 -1 -1 -1 
178 3 109 15 30 37 -1 -1 -1 -1 
178 4 171 0 50 96 -1 -1 -1 -1 
178 5 149 10 190 237 -1 -1 -1 -1 
178 7 159 10 16 55 -1 -1 -1 -1 
178 8 67 1 40 91 -1 -1 -1 -1 
178 12 191 77 25 46 -1 -1 -1 -1 
179 1 218 64 24 68 -1 -1 -1 -1 
179 2 2 1 172 249 -1 -1 -1 -1 
179 4 171 0 50 96 -1 -1 -1 -1 
179 5 150 10 189 237 -1 -1 -1 -1 
179 8 67 1 40 91 -1 -1 -1 -1 
179 34 212 0 64 124 -1 -1 -1 -1 
179 43 234 23 62 88 -1 -1 -1 -1 
180 1 220 61 27 69 -1 -1 -1 -1 
180 2 2 2 175 245 -1 -1 -1 -1 
180 4 172 0 52 89 -1 -1 -1 -1 
180 5 150 10 189 237 -1 -1 -1 -1 
180 8 67 1 40 86 -1 -1 -1 -1 
180 12 191 71 27 43 -1 -1 -1 -1 
180 30 194 22 61 16 -1 -1 -1 -1 
180 33 108 4 32 33 -1 -1 -1 -1 
181 1 225 59 28 70 -1 -1 -1 -1 
181 2 1 2 183 245 -1 -1 -1 -1 
181 4 178 0 51 77 -1 -1 -1 -1 
181 8 71 1 43 83 -1 -1 -1 -1 
181 12 191 71 27 43 -1 -1 -1 -1 
181 30 197 20 62 17 -1 -1 -1 -1 
181 33 108 4 32 33 -1 -1 -1 -1 
181 34 220 0 84 121 -1 -1 -1 -1 
182 1 231 57 28 70 -1 -1 -1 -1 
182 2 1 5 189 240 -1 -1 -1 -1 
182 4 184 1 50 83 -1 -1 -1 -1 
182 8 77 1 43 79 -1 -1 -1 -1 
182 12 205 67 25 44 -1 -1 -1 -1 
182 30 202 19 62 15 -1 -1 -1 -1 
182 34 226 1 83 117 -1 -1 -1 -1 
183 1 237 57 27 71 -1 -1 -1 -1 
183 2 2 5 195 236 -1 -1 -1 -1 
183 4 189 0 52 69 -1 -1 -1 -1 
183 8 77 1 43 79 -1 -1 -1 -1 
183 12 209 66 27 43 -1 -1 -1 -1 
183 30 211 18 56 13 -1 -1 -1 -1 
183 34 231 0 82 117 -1 -1 -1 -1 
184 1 240 58 25 72 -1 -1 -1 -1 
184 2 3 6 202 233 -1 -1 -1 -1 
184 4 191 0 50 73 -1 -1 -1 -1 
184 8 87 4 44 71 -1 -1 -1 -1 
184 12 212 66 26 46 -1 -1 -1 -1 
184 30 212 18 55 14 -1 -1 -1 -1 
184 34 231 1 77 117 -1 -1 -1 -1 
184 43 276 19 38 87 -1 -1 -1 -1 
185 1 241 60 29 73 -1 -1 -1 -1 
185 2 3 4 207 238 -1 -1 -1 -1 
185 4 191 0 49 69 -1 -1 -1 -1 
185 8 84 2 50 70 -1 -1 -1 -1 
185 12 213 68 28 46 -1 -1 -1 -1 
185 30 210 21 60 13 -1 -1 -1 -1 
185 34 233 0 84 98 -1 -1 -1 -1 
185 43 273 23 42 99 -1 -1 -1 -1 
186 1 241 60 29 74 -1 -1 -1 -1 
186 2 3 4 207 238 -1 -1 -1 -1 
186 4 191 0 49 69 -1 -1 -1 -1 
186 8 84 2 50 70 -1 -1 -1 -1 
186 12 213 68 28 46 -1 -1 -1 -1 
186 30 210 21 60 13 -1 -1 -1 -1 
186 34 233 0 84 98 -1 -1 -1 -1 
186 43 273 23 42 100 -1 -1 -1 -1 
187 1 243 67 29 77 -1 -1 -1 -1 
187 2 3 4 207 238 -1 -1 -1 -1 
189 2 2 3 198 246 -1 -1 -1 -1 
190 2 2 4 191 244 -1 -1 -1 -1 
191 2 1 1 192 249 -1 -1 -1 -1 
191 3 129 24 40 43 -1 -1 -1 -1 
192 2 1 1 191 248 -1 -1 -1 -1 
192 3 130 24 39 43 -1 -1 -1 -1 
192 43 195 42 60 118 -1 -1 -1 -1 
193 2 1 0 190 252 -1 -1 -1 -1 
193 3 126 17 52 54 -1 -1 -1 -1 
193 18 194 122 31 73 -1 -1 -1 -1 
193 43 190 37 55 110 -1 -1 -1 -1 
194 1 252 72 27 112 -1 -1 -1 -1 
194 2 2 0 196 252 -1 -1 -1 -1 
195 1 252 72 27 112 -1 -1 -1 -1 
196 2 2 2 220 248 -1 -1 -1 -1 
197 2 1 1 222 252 -1 -1 -1 -1 
197 5 31 39 80 125 -1 -1 -1 -1 
197 34 274 15 65 119 -1 -1 -1 -1 
198 2 1 11 228 239 -1 -1 -1 -1 
199 2 1 11 228 239 -1 -1 -1 -1 
200 2 1 13 222 237 -1 -1 -1 -1 
200 3 180 1 64 78 -1 -1 -1 -1 
200 8 136 0 53 60 -1 -1 -1 -1 
201 2 1 3 207 249 -1 -1 -1 -1 
202 2 1 6 212 247 -1 -1 -1 -1 
203 2 0 8 209 245 -1 -1 -1 -1 
203 3 264 0 55 74 -1 -1 -1 -1 
203 8 168 0 59 51 -1 -1 -1 -1 
203 12 210 48 31 69 -1 -1 -1 -1 
204 2 3 1 209 251 -1 -1 -1 -1 
205 2 2 1 210 251 -1 -1 -1 -1 
206 2 2 2 210 250 -1 -1 -1 -1 
211 7 132 63 20 41 -1 -1 -1 -1 
211 12 151 48 24 68 -1 -1 -1 -1 
211 43 0 33 132 219 -1 -1 -1 -1 
212 7 135 54 24 45 -1 -1 -1 -1 
213 7 144 48 22 44 -1 -1 -1 -1 
213 43 1 16 146 234 -1 -1 -1 -1 
216 7 130 48 21 42 -1 -1 -1 -1 
216 18 151 64 24 44 -1 -1 -1 -1 
216 43 0 29 123 223 -1 -1 -1 -1 
217 7 130 48 21 42 -1 -1 -1 -1 
217 18 151 64 24 44 -1 -1 -1 -1 
219 2 1 4 144 237 -1 -1 -1 -1 
219 34 132 9 207 243 -1 -1 -1 -1 
220 2 1 23 144 215 -1 -1 -1 -1 
220 34 132 10 206 242 -1 -1 -1 -1 
221 2 1 1 144 246 -1 -1 -1 -1 
221 7 151 46 20 38 -1 -1 -1 -1 
221 12 172 29 21 74 -1 -1 -1 -1 
221 34 133 8 206 242 -1 -1 -1 -1 
223 34 120 1 219 253 -1 -1 -1 -1 
224 2 0 9 124 245 -1 -1 -1 -1 
224 8 123 0 49 64 -1 -1 -1 -1 
224 18 88 1 36 53 -1 -1 -1 -1 
224 34 115 0 224 255 -1 -1 -1 -1 
225 2 1 18 126 234 -1 -1 -1 -1 
225 8 119 0 49 71 -1 -1 -1 -1 
225 18 75 0 45 62 -1 -1 -1 -1 
225 34 207 1 132 249 -1 -1 -1 -1 
225 40 16 0 37 59 -1 -1 -1 -1 
226 2 0 26 116 225 -1 -1 -1 -1 
226 4 75 0 45 67 -1 -1 -1 -1 
226 8 116 0 47 78 -1 -1 -1 -1 
226 18 75 0 45 62 -1 -1 -1 -1 
226 34 102 0 237 255 -1 -1 -1 -1 
227 2 0 25 116 226 -1 -1 -1 -1 
227 4 76 0 44 67 -1 -1 -1 -1 
227 8 116 0 47 78 -1 -1 -1 -1 
227 34 103 1 235 254 -1 -1 -1 -1 
227 40 12 0 38 65 -1 -1 -1 -1 
228 1 139 72 20 53 -1 -1 -1 -1 
228 2 0 29 111 224 -1 -1 -1 -1 
228 4 66 0 51 72 -1 -1 -1 -1 
228 8 112 0 48 80 -1 -1 -1 -1 
228 34 99 1 239 253 -1 -1 -1 -1 
228 40 8 0 60 70 -1 -1 -1 -1 
229 1 135 73 20 54 -1 -1 -1 -1 
229 2 0 43 106 210 -1 -1 -1 -1 
229 3 121 0 52 54 -1 -1 -1 -1 
229 4 61 1 50 73 -1 -1 -1 -1 
229 8 107 1 48 80 -1 -1 -1 -1 
229 33 108 0 52 79 -1 -1 -1 -1 
229 34 90 2 249 250 -1 -1 -1 -1 
229 40 2 1 47 73 -1 -1 -1 -1 
230 1 135 73 20 54 -1 -1 -1 -1 
230 2 0 43 106 210 -1 -1 -1 -1 
230 3 116 0 51 56 -1 -1 -1 -1 
230 4 58 0 48 74 -1 -1 -1 -1 
230 5 0 46 17 75 -1 -1 -1 -1 
230 8 103 1 48 80 -1 -1 -1 -1 
231 3 116 0 51 56 -1 -1 -1 -1 
234 34 189 25 150 227 -1 -1 -1 -1 
235 34 189 25 150 227 -1 -1 -1 -1 
236 34 189 25 150 227 -1 -1 -1 -1 
237 34 195 26 144 226 -1 -1 -1 -1 
238 34 194 27 145 225 -1 -1 -1 -1 
239 34 192 27 147 225 -1 -1 -1 -1 
240 34 192 28 147 224 -1 -1 -1 -1 
241 34 191 28 148 224 -1 -1 -1 -1 
242 34 192 28 147 223 -1 -1 -1 -1 
243 34 192 28 147 224 -1 -1 -1 -1 
244 34 193 29 146 222 -1 -1 -1 -1 
245 34 192 28 147 224 -1 -1 -1 -1 
246 34 192 28 147 224 -1 -1 -1 -1 
247 34 192 28 147 224 -1 -1 -1 -1 
248 34 192 27 147 225 -1 -1 -1 -1 
249 34 193 27 146 225 -1 -1 -1 -1 
250 34 193 27 146 225 -1 -1 -1 -1 
251 34 193 27 146 225 -1 -1 -1 -1 
252 34 193 27 146 225 -1 -1 -1 -1 
253 34 193 27 146 225 -1 -1 -1 -1 
254 34 193 26 146 225 -1 -1 -1 -1 
255 34 192 27 147 224 -1 -1 -1 -1 
256 34 192 25 147 226 -1 -1 -1 -1 
257 34 192 25 147 226 -1 -1 -1 -1 
258 34 192 25 147 226 -1 -1 -1 -1 
259 34 192 25 147 226 -1 -1 -1 -1 
260 34 192 26 147 225 -1 -1 -1 -1 
261 34 192 26 147 225 -1 -1 -1 -1 
262 34 192 26 147 225 -1 -1 -1 -1 
263 34 192 26 147 225 -1 -1 -1 -1 
264 34 192 26 147 225 -1 -1 -1 -1 
265 34 192 26 147 225 -1 -1 -1 -1 
266 34 192 26 147 225 -1 -1 -1 -1 
267 34 192 26 147 225 -1 -1 -1 -1 
268 34 192 26 147 225 -1 -1 -1 -1 
269 1 172 16 21 70 -1 -1 -1 -1 
269 2 1 1 124 239 -1 -1 -1 -1 
269 3 115 35 37 54 -1 -1 -1 -1 
269 8 149 38 22 40 -1 -1 -1 -1 
269 34 111 2 227 250 -1 -1 -1 -1 
270 1 175 21 21 68 -1 -1 -1 -1 
270 2 1 2 128 241 -1 -1 -1 -1 
270 3 115 35 37 54 -1 -1 -1 -1 
270 8 151 40 25 43 -1 -1 -1 -1 
271 1 180 21 22 76 -1 -1 -1 -1 
271 2 1 1 137 243 -1 -1 -1 -1 
271 4 133 62 25 36 -1 -1 -1 -1 
271 8 153 46 25 40 -1 -1 -1 -1 
271 34 122 2 217 252 -1 -1 -1 -1 
272 1 188 25 23 69 -1 -1 -1 -1 
272 2 1 1 142 242 -1 -1 -1 -1 
272 4 133 62 25 36 -1 -1 -1 -1 
272 8 163 47 21 45 -1 -1 -1 -1 
273 1 195 27 25 67 -1 -1 -1 -1 
273 2 1 0 147 241 -1 -1 -1 -1 
273 8 171 50 21 39 -1 -1 -1 -1 
273 34 133 1 206 251 -1 -1 -1 -1 
274 1 195 27 24 67 -1 -1 -1 -1 
274 2 1 0 147 241 -1 -1 -1 -1 
274 8 171 50 21 39 -1 -1 -1 -1 
274 34 133 1 206 251 -1 -1 -1 -1 
275 1 201 33 22 64 -1 -1 -1 -1 
275 2 1 2 148 237 -1 -1 -1 -1 
275 4 157 61 22 52 -1 -1 -1 -1 
275 5 175 48 25 68 -1 -1 -1 -1 
275 8 171 50 21 39 -1 -1 -1 -1 
276 1 205 29 22 66 -1 -1 -1 -1 
276 2 1 2 151 239 -1 -1 -1 -1 
276 3 148 43 17 50 -1 -1 -1 -1 
276 4 161 59 21 42 -1 -1 -1 -1 
276 5 175 48 25 68 -1 -1 -1 -1 
276 8 180 46 23 48 -1 -1 -1 -1 
277 1 207 28 21 76 -1 -1 -1 -1 
277 2 1 1 151 241 -1 -1 -1 -1 
277 3 148 45 18 51 -1 -1 -1 -1 
277 4 161 58 23 43 -1 -1 -1 -1 
277 8 181 50 22 41 -1 -1 -1 -1 
277 33 195 0 48 34 -1 -1 -1 -1 
277 34 139 9 200 242 -1 -1 -1 -1 
278 1 206 33 21 66 -1 -1 -1 -1 
278 2 1 1 150 243 -1 -1 -1 -1 
278 3 147 47 18 50 -1 -1 -1 -1 
278 4 160 60 23 41 -1 -1 -1 -1 
278 5 180 50 24 74 -1 -1 -1 -1 
278 8 181 50 22 41 -1 -1 -1 -1 
278 33 195 0 48 36 -1 -1 -1 -1 
279 1 207 34 22 65 -1 -1 -1 -1 
279 2 1 0 151 246 -1 -1 -1 -1 
279 3 148 48 18 51 -1 -1 -1 -1 
279 4 161 61 23 45 -1 -1 -1 -1 
279 5 182 52 24 76 -1 -1 -1 -1 
279 8 182 53 22 40 -1 -1 -1 -1 
279 33 198 0 47 36 -1 -1 -1 -1 
279 34 141 5 197 246 -1 -1 -1 -1 
280 1 209 34 21 64 -1 -1 -1 -1 
280 2 1 0 153 243 -1 -1 -1 -1 
280 3 149 45 18 52 -1 -1 -1 -1 
280 4 163 60 23 40 -1 -1 -1 -1 
280 5 182 52 24 76 -1 -1 -1 -1 
280 8 183 51 22 39 -1 -1 -1 -1 
280 33 199 0 49 34 -1 -1 -1 -1 
